19.2431   1.01   35
20.9925   3.03   35
23.7518   6.96474   35
17.4937   0   35
18.3684   1.515   35
16.619   -0.505   35
16.619   4.545   35
16.619   5.555   35
17.4937   6.06   35
17.4937   7.07   35
17.4937   8.08   35
18.3684   8.585   35
18.3684   9.595   35
18.3684   10.605   35
18.3684   11.615   35
18.3684   12.625   35
18.3684   13.635   35
18.3684   14.645   35
17.4937   15.15   35
17.4937   16.16   35
15.2152   18.6418   35
14.3387   20.1578   35
12.3474   22.7555   35
16.7268   20.227   35
-6.99749   18.18   35
-6.99749   17.17   35
-6.99749   16.16   35
-6.99749   15.15   35
25.8805   11.6641   9.08362
26.7552   12.1694   9.07701
