2.62406   -22.725   35
4.79333   -24.6588   9.91396
9.50134   -25.4086   35
2.62406   -23.735   35
4.79333   -24.6588   9.91396
-14.8697   -10.605   35
-15.7443   -12.12   35
-16.619   -12.625   35
-17.4937   -13.13   35
-18.3684   -13.635   35
-18.3684   -14.645   35
-19.2431   -14.14   35
-19.2431   -15.15   35
-19.5946   -16.1133   35
-22.4466   -16.9247   43.5361
-23.3204   -17.4302   43.5427
-22.1612   -19.5474   35
-22.1606   -20.5578   35
-22.1606   -20.5578   35
-22.1606   -20.5578   35
-22.1606   -20.5578   35
-22.1606   -20.5578   35
-22.1606   -20.5578   35
-22.1606   -20.5578   35
-22.1606   -20.5578   35
-23.0365   -20.0521   35
-23.0365   -20.0521   35
-26.3005   -19.6156   35
-27.1758   -20.1203   35
-26.2406   -22.22   35
-27.1153   -22.725   35
-27.9899   -23.23   35
-27.9899   -24.24   35
-28.8646   -24.745   35
-29.7393   -25.25   35
-29.7393   -26.26   35
