2.62406   -17.675   35
3.49874   -18.18   35
2.62406   -18.685   35
3.49874   -19.19   35
2.62406   -19.695   35
4.37343   -19.695   35
4.37343   -20.705   35
5.24811   -21.21   35
6.1228   -21.715   35
6.99749   -22.22   35
6.87428   -25.9154   35
7.74957   -26.42   35
14.0792   -24.2136   35
13.2033   -24.7193   35
14.0786   -25.224   35
14.9544   -24.7183   35
11.1927   -28.3381   35
16.619   -27.775   35
17.4937   -27.27   35
18.3684   -27.775   35
19.2431   -28.28   35
20.1178   -27.775   35
20.9925   -28.28   35
21.8671   -27.775   35
22.7418   -28.28   35
23.6165   -27.775   35
24.4912   -27.27   35
25.3659   -27.775   35
26.2406   -27.27   35
27.1153   -26.765   35
27.9899   -26.26   35
28.8646   -26.765   35
29.7393   -26.26   35
30.614   -25.755   35
31.4887   -25.25   35
-36.7368   -9.09   35
