25.8805   -0.125734   35
19.2431   1.01   35
18.3684   1.515   35
21.8671   1.515   35
22.7418   1.01   35
16.619   1.515   35
16.619   1.515   35
17.4937   2.02   35
18.3684   1.515   35
19.2431   1.01   35
20.1178   1.515   35
20.9925   1.01   35
21.8671   1.515   35
22.7418   1.01   35
23.7518   0.896425   35
24.6265   1.40212   35
25.8805   -0.125734   35
26.7552   0.379959   35
28.0092   0.896425   35
28.8839   1.40212   35
30.1379   -0.631427   35
30.1379   -1.64281   35
31.0126   -1.13712   35
32.3634   -0.505   35
33.2381   -1.01   35
34.1127   -1.515   35
34.9874   -2.02   35
35.8621   -1.515   35
36.7368   -2.02   35
37.6115   -2.525   35
38.4862   -3.03   35
39.3609   -3.535   35
40.2355   -3.03   35
40.2355   -4.04   35
