-13.995   -16.16   35
-13.1203   -14.645   35
-11.3709   -12.625   35
-14.8697   -16.665   35
-12.2456   -13.13   35
12.2456   12.12   35
13.1203   12.625   35
13.1203   13.635   35
13.995   14.14   35
13.995   15.15   35
14.8697   15.655   35
15.7443   16.16   35
15.7443   17.17   35
16.0911   18.1361   35
16.0905   19.1464   35
18.4786   19.2156   35
18.478   20.226   35
17.7818   22.0759   35
17.7812   23.0862   35
20.1693   23.1555   35
21.0446   23.6601   35
20.9925   25.25   35
20.9925   26.26   35
20.9925   27.27   35
21.8671   27.775   35
21.8671   28.785   35
22.7418   29.29   35
22.7418   30.3   35
22.7418   31.31   35
23.6165   31.815   35
23.6165   32.825   35
