-10.4962   15.15   35
-8.74686   14.14   35
-10.4962   15.15   35
-11.3709   15.655   35
-10.4962   -13.13   35
-10.4962   -14.14   35
-11.3709   -14.645   35
-11.3709   -15.655   35
-12.2456   -16.16   35
-12.2456   -17.17   35
-13.1203   -17.675   35
-13.1203   -18.685   35
-13.4634   -19.6531   35
-13.4634   -19.6531   35
-13.4634   -19.6531   35
-13.4634   -19.6531   35
-13.4634   -19.6531   35
-14.3393   -19.1474   35
-14.3387   -20.1578   35
-14.0991   -21.7441   35
-14.9744   -22.2488   35
-15.1542   -23.593   35
-16.0294   -24.0976   35
-15.7899   -25.6839   35
-16.6652   -26.1886   35
-16.619   -27.775   35
-17.4937   -28.28   35
-17.4937   -29.29   35
-17.4937   -30.3   35
-17.4937   -31.31   35
-18.3684   -31.815   35
-18.3684   -32.825   35
-18.3684   -33.835   35
-19.2431   -34.34   35
-18.3684   -34.845   35
-19.2431   -35.35   35
