-11.3709   -14.645   35
-10.4962   -13.13   35
-10.4962   -14.14   35
-10.4962   -13.13   35
-10.4962   -14.14   35
-11.3709   -14.645   35
-12.2456   -15.15   35
-13.1203   -15.655   35
-13.1203   -16.665   35
-13.995   -17.17   35
-14.8697   -17.675   35
-16.0911   -18.1361   35
-16.9664   -18.6407   35
-16.7268   -20.227   35
-17.6021   -20.7317   35
-19.5336   -21.0645   35
-20.4089   -21.5692   35
-20.1693   -23.1555   35
-21.0446   -23.6601   35
-22.7418   -24.24   35
-23.6165   -24.745   35
-24.4912   -25.25   35
-25.3659   -25.755   35
-26.2406   -26.26   35
-27.1153   -26.765   35
-27.9899   -27.27   35
-28.8646   -27.775   35
