17.4937   8.08   35
16.619   7.575   35
20.1178   8.585   35
18.3684   8.585   35
17.4937   8.08   35
16.619   7.575   35
16.619   7.575   35
17.4937   8.08   35
18.3684   8.585   35
19.2431   8.08   35
19.2431   9.09   35
20.1178   8.585   35
20.9925   9.09   35
21.8671   9.595   35
22.7418   10.1   35
23.7518   9.54326   43.6941
24.6265   10.0486   43.7007
25.8805   9.98813   35
26.7552   10.4938   35
28.0092   12.0217   35
28.8839   12.5274   35
30.1379   10.4938   35
31.0126   10.9995   35
32.3634   12.625   35
33.2381   12.12   35
33.2381   13.13   35
34.1127   12.625   35
34.9874   13.13   35
35.8621   13.635   35
36.7368   13.13   35
37.6115   13.635   35
