16.619   4.545   35
19.2431   2.02   35
18.3684   3.535   35
18.3684   2.525   35
15.7443   10.1   35
16.619   10.605   35
17.4937   11.11   35
18.3684   11.615   35
19.2431   12.12   35
20.1178   11.615   35
20.9925   12.12   35
21.8671   12.625   35
23.7518   10.5546   62.9925
22.7418   13.13   35
24.6265   11.06   62.9991
25.8805   12.1698   -0.56558
26.7552   12.1694   9.07701
28.0092   12.2893   49.1911
28.8839   12.7947   49.1977
30.1379   13.6516   18.0605
31.0126   13.6513   27.7031
32.3634   14.645   35
33.2381   14.14   35
34.1127   14.645   35
34.9874   14.14   35
35.8621   14.645   35
36.7368   14.14   35
37.6115   14.645   35
