6.99749   16.16   35
20.1178   13.635   35
21.8671   13.635   35
13.995   11.11   35
7.87217   14.645   35
-12.2456   12.12   35
-13.1203   12.625   35
-13.1203   13.635   35
-13.995   14.14   35
-14.8697   14.645   35
-14.8697   15.655   35
-15.7443   16.16   35
-15.7443   17.17   35
-14.1402   19.2624   35
-15.0155   19.7671   35
-19.1367   18.8357   35
-19.1361   19.846   35
-15.8309   23.2022   35
-16.7062   23.7069   35
-20.8274   22.7755   35
-20.8268   23.7859   35
-19.2431   26.26   35
-19.2431   27.27   35
-20.1178   26.765   35
-20.1178   27.775   35
-20.1178   28.785   35
-20.1178   29.795   35
-20.1178   30.805   35
-20.9925   31.31   35
-20.9925   32.32   35
-20.9925   33.33   35
-20.9925   34.34   35
20.9925   13.13   35
