2.62406   17.675   35
2.62406   17.675   35
2.62406   18.685   35
2.62406   19.695   35
2.62406   20.705   35
3.49874   21.21   35
3.49874   22.22   35
3.49874   23.23   35
4.37343   23.735   35
5.84312   24.0527   40.7876
5.84282   25.0629   40.7943
4.85182   27.083   7.16549
5.28947   27.8404   16.8081
7.27118   28.1442   35
7.27058   29.1546   35
5.69719   31.511   25.7916
6.15454   32.2569   35
7.87217   32.825   35
7.87217   33.835   35
7.87217   34.845   35
8.74686   35.35   35
8.74686   36.36   35
9.62154   36.865   35
10.4962   37.37   35
9.62154   37.875   35
10.4962   38.38   35
