-23.7532   -16.1703   72.4837
-27.9899   -21.21   35
-28.4733   -19.3711   63.5135
-17.4937   -11.11   35
-16.619   -10.605   35
4.37343   16.665   35
4.37343   17.675   35
5.24811   18.18   35
5.24811   19.19   35
5.24811   20.2   35
6.1228   20.705   35
6.1228   21.715   35
6.99749   22.22   35
6.45633   23.6987   35
7.33161   24.2033   35
7.96794   25.2839   35
8.84323   25.7886   35
8.14707   27.6385   35
8.14647   28.6489   35
10.5346   28.7181   35
10.534   29.7284   35
10.4962   31.31   35
11.3709   32.825   35
11.3709   33.835   35
12.2456   34.34   35
12.2456   35.35   35
13.1203   35.855   35
13.1203   36.865   35
13.995   37.37   35
