19.2431   2.02   35
16.619   1.515   35
16.619   1.515   35
16.619   1.515   35
17.4937   2.02   35
18.3684   1.515   35
19.2431   2.02   35
20.1178   1.515   35
20.9925   1.01   35
21.8671   1.515   35
22.7418   1.01   35
23.7518   -1.12635   35
24.6265   -1.63204   35
25.8805   1.89704   35
26.7552   2.40273   35
28.0092   -2.13773   35
28.8839   -2.64343   35
30.1379   1.39134   35
31.0126   0.885652   35
32.3634   -1.515   35
33.2381   -2.02   35
34.1127   -2.525   35
34.9874   -3.03   35
35.8621   -3.535   35
36.7368   -4.04   35
37.6115   -3.535   35
37.6115   -4.545   35
38.4862   -4.04   35
39.3609   -4.545   35
