-17.4937   -8.08   35
-16.619   -7.575   35
-17.4937   -8.08   35
-16.619   -7.575   35
-17.4937   -8.08   35
-18.3684   -7.575   35
-19.2431   -8.08   35
-20.1178   -8.585   35
-20.9925   -8.08   35
-20.9925   -9.09   35
-21.8671   -8.585   35
-22.7418   -9.09   35
-23.7518   -6.96474   35
-24.6265   -7.47043   35
-25.8805   -11.1584   18.7328
-26.7552   -11.158   28.3754
-28.0092   -7.97613   35
-28.8839   -8.48182   35
-30.1379   -12.5166   35
-31.0126   -13.0223   35
-32.3634   -10.605   35
-33.2381   -11.11   35
-34.1127   -10.605   35
-34.9874   -11.11   35
-35.8621   -10.605   35
-36.7368   -11.11   35
-37.6115   -10.605   35
-38.4862   -11.11   35
