-19.2431   0   35
-17.4937   0   35
-16.619   -0.505   35
-17.4937   0   35
-16.619   -0.505   35
-17.4937   0   35
-18.3684   0.505   35
-19.2431   0   35
-20.1178   0.505   35
-20.9925   1.01   35
-21.8671   1.515   35
-22.7418   1.01   35
-23.7518   3.14912   35
-24.6265   3.65481   35
-25.8805   1.13712   35
-26.7552   1.64281   35
-28.0092   4.16051   35
-28.8839   4.6662   35
-30.1379   2.6542   35
-31.0126   3.15989   35
-32.3634   5.555   35
-33.2381   6.06   35
-34.1127   6.565   35
-34.9874   7.07   35
-35.8621   7.575   35
-36.7368   8.08   35
-37.6115   8.585   35
-38.4862   9.09   35
-16.619   -0.505   35
