19.2431   7.07   35
26.7552   8.47105   35
16.619   6.565   35
21.8671   6.565   35
17.4937   6.06   35
12.2456   12.12   35
13.1203   12.625   35
13.995   13.13   35
13.995   14.14   35
14.8697   14.645   35
14.8697   15.655   35
15.7443   16.16   35
15.7443   17.17   35
15.2152   18.6418   35
15.2146   19.6521   35
19.3545   18.7099   35
19.3539   19.7203   35
16.9059   22.5816   35
16.9053   23.5919   35
21.0452   22.6498   35
21.9205   23.1544   35
20.1178   25.755   35
20.1178   26.765   35
20.1178   27.775   35
20.9925   28.28   35
20.9925   29.29   35
20.9925   30.3   35
21.8671   30.805   35
21.8671   31.815   35
21.8671   32.825   35
21.8671   33.835   35
13.995   14.14   35
14.8697   14.645   35
