2.62406   20.705   35
-9.62154   -18.685   35
-2.62406   38.885   35
-8.74686   -15.15   35
-7.87217   -14.645   35
-2.62406   38.885   35
-7.87217   -14.645   35
-8.74686   -15.15   35
-8.74686   -16.16   35
-8.74686   -17.17   35
-9.62154   -17.675   35
-9.62154   -18.685   35
-9.62154   -19.695   35
-9.62154   -20.705   35
-9.08399   -22.1816   35
-9.08339   -23.192   35
-11.4715   -23.2612   35
-11.4709   -24.2715   35
-9.02296   -27.1328   35
-9.02236   -28.1432   35
-12.2863   -27.7067   35
-12.2857   -28.7171   35
-10.4962   -31.31   35
-10.4962   -32.32   35
-10.4962   -33.33   35
-10.4962   -34.34   35
-10.4962   -35.35   35
-10.4962   -36.36   35
-10.4962   -37.37   35
-10.4962   -38.38   35
-9.62154   -38.885   35
