-16.619   0.505   35
-19.2431   1.01   35
-17.4937   1.01   35
-20.1178   1.515   35
-16.619   0.505   35
-16.619   0.505   35
-17.4937   1.01   35
-18.3684   1.515   35
-19.2431   1.01   35
-20.1178   1.515   35
-20.9925   2.02   35
-21.8671   2.525   35
-22.7418   3.03   35
-23.7518   3.14912   35
-24.6265   3.65481   35
-25.8805   3.15989   35
-25.8805   4.17128   35
-26.7552   3.66559   35
-26.7552   4.67697   35
-28.0092   5.17189   35
-28.8839   5.67758   35
-30.1379   6.69974   35
-31.0126   7.20544   35
-32.3634   7.575   35
-33.2381   8.08   35
-33.2381   9.09   35
-34.1127   9.595   35
-34.9874   10.1   35
-35.8621   10.605   35
-36.7368   11.11   35
-36.7368   12.12   35
-37.6115   12.625   35
