7.87217   -16.665   35
8.74686   -16.16   35
7.87217   -16.665   35
7.87217   -15.655   35
-13.995   -11.11   35
-13.995   -12.12   35
-14.8697   -12.625   35
-14.8697   -13.635   35
-15.7443   -14.14   35
-15.7443   -15.15   35
-16.619   -15.655   35
-16.619   -16.665   35
-17.8428   -17.1247   35
-17.8422   -18.135   35
-17.6027   -19.7213   35
-17.6021   -20.7317   35
-18.6577   -21.5702   35
-18.6571   -22.5806   35
-18.4175   -24.1669   35
-19.2928   -24.6715   35
-19.2431   -26.26   35
-19.2431   -27.27   35
-19.2431   -28.28   35
-19.2431   -29.29   35
-19.2431   -30.3   35
-19.2431   -31.31   35
-19.2431   -32.32   35
-19.2431   -33.33   35
-19.2431   -34.34   35
-19.2431   -35.35   35
-18.3684   -35.855   35
