-20.1178   3.535   35
-17.4937   3.03   35
-18.3684   2.525   35
-17.4937   3.03   35
-16.619   2.525   35
-16.619   2.525   35
-17.4937   3.03   35
-18.3684   2.525   35
-19.2431   3.03   35
-20.1178   3.535   35
-20.9925   3.03   35
-21.8671   3.535   35
-22.7418   4.04   35
-23.7518   4.16051   35
-24.6265   4.6662   35
-25.8805   5.18266   35
-26.7552   4.67697   35
-26.7552   5.68836   35
-28.0092   5.17189   35
-28.8839   5.67758   35
-30.1379   6.69974   35
-31.0126   7.20544   35
-32.3634   7.575   35
-33.2381   7.07   35
-33.2381   8.08   35
-34.1127   7.575   35
-34.9874   8.08   35
-35.8621   8.585   35
-36.7368   9.09   35
-37.6115   9.595   35
-38.4862   10.1   35
