-23.7518   4.16051   35
-17.4937   2.02   35
-28.8839   6.68897   35
-21.8671   3.535   35
-17.4937   2.02   35
4.37343   16.665   35
5.24811   17.17   35
5.24811   18.18   35
5.24811   19.19   35
5.24811   20.2   35
5.24811   21.21   35
6.1228   21.715   35
5.24811   22.22   35
6.1228   22.725   35
6.45633   23.6987   35
5.84312   24.0527   40.7876
6.45573   24.709   35
5.84282   25.0629   40.7943
6.21617   26.2953   35
6.21557   27.3057   35
6.3953   28.6499   35
6.3947   29.6603   35
7.03103   30.7409   35
7.03043   31.7512   35
6.99749   33.33   35
6.1228   33.835   35
6.99749   34.34   35
6.1228   34.845   35
6.99749   35.35   35
6.1228   35.855   35
6.99749   36.36   35
6.1228   36.865   35
6.99749   37.37   35
6.1228   37.875   35
6.99749   38.38   35
6.1228   38.885   35
6.99749   39.39   35
6.1228   39.895   35
