-19.2431   1.01   35
-18.3684   0.505   35
-17.4937   1.01   35
-20.1178   0.505   35
-19.2431   1.01   35
-14.8697   -10.605   35
-15.7443   -11.11   35
-16.619   -11.615   35
-17.4937   -12.12   35
-18.3684   -12.625   35
-19.2431   -13.13   35
-20.1178   -13.635   35
-20.9925   -14.14   35
-21.0585   -15.2681   9.91396
-21.9323   -15.7736   9.90734
-22.3678   -15.5222   0.258146
-23.3177   -16.4218   62.8345
-24.1914   -16.9273   62.8411
-25.7759   -17.4605   -0.407573
-26.6497   -17.966   -0.414184
-32.3634   -18.685   35
-33.2381   -18.18   35
-34.1127   -18.685   35
-34.9874   -19.19   35
