20.9925   -12.12   35
17.4937   -9.09   35
17.4937   -9.09   35
16.619   -8.585   35
16.619   -8.585   35
17.4937   -9.09   35
18.3684   -9.595   35
19.2431   -10.1   35
19.2431   -11.11   35
20.1178   -11.615   35
20.9925   -12.12   35
21.8671   -12.625   35
21.8671   -13.635   35
20.8837   -16.379   40.7943
24.0046   -16.0252   -12.1329
24.4416   -16.7829   -2.49032
22.838   -19.1567   35
23.7133   -19.6614   35
27.4166   -18.9713   6.49316
27.8536   -19.7289   16.1357
27.1153   -21.715   35
27.9899   -22.22   35
27.9899   -23.23   35
27.9899   -24.24   35
28.8646   -24.745   35
28.8646   -25.755   35
29.7393   -26.26   35
29.7393   -27.27   35
