36.7368   0   35
34.9874   -1.01   35
34.1127   -1.515   35
33.2381   1.01   35
-9.62154   -13.635   35
-10.4962   -13.13   35
-10.4962   -14.14   35
-11.3709   -14.645   35
-11.3709   -15.655   35
-12.2456   -16.16   35
-12.2456   -17.17   35
-13.1203   -17.675   35
-13.1203   -18.685   35
-10.8358   -21.1702   35
-10.8352   -22.1806   35
-16.7268   -20.227   35
-16.7262   -21.2374   35
-11.6506   -25.6158   35
-18.4175   -24.1669   35
33.2381   0   35
34.1127   -0.505   35
36.7368   0   35
36.7368   1.01   35
-12.2456   -16.16   35
-12.2456   -17.17   35
