13.995   11.11   35
14.8697   12.625   35
14.8697   13.635   35
15.7443   14.14   35
15.7443   15.15   35
16.619   15.655   35
16.619   16.665   35
20.2303   18.2042   35
20.2297   19.2146   35
14.2783   24.0987   35
14.2777   25.109   35
20.1693   23.1555   35
20.1687   24.1658   35
16.619   27.775   35
16.619   28.785   35
15.7443   29.29   35
15.7443   30.3   35
15.7443   31.31   35
14.8697   31.815   35
14.8697   32.825   35
13.995   33.33   35
13.995   34.34   35
13.1203   34.845   35
12.2456   35.35   35
12.2456   36.36   35
11.3709   36.865   35
11.3709   37.875   35
10.4962   38.38   35
9.62154   38.885   35
8.74686   39.39   35
