-11.3709   13.635   35
-13.1203   14.645   35
-12.2456   13.13   35
-11.3709   13.635   35
16.619   7.575   35
17.4937   8.08   35
17.4937   9.09   35
18.3684   8.585   35
18.3684   9.595   35
19.2431   10.1   35
20.1178   10.605   35
20.9925   11.11   35
21.8671   11.615   35
21.8671   12.625   35
22.7418   13.13   35
22.3678   15.5222   0.258146
24.1914   16.9273   62.8411
25.3404   17.712   9.24163
27.164   19.1171   53.8576
28.0378   19.6226   53.8643
28.8646   20.705   35
29.7393   21.21   35
30.614   21.715   35
30.614   22.725   35
31.4887   23.23   35
31.4887   24.24   35
32.3634   23.735   35
