-13.995   11.11   35
-14.8697   11.615   35
-14.8697   12.625   35
-15.7443   13.13   35
-16.619   13.635   35
-17.4937   14.14   35
-18.3684   14.645   35
-18.3684   15.655   35
-20.0087   15.8742   40.7876
-20.8837   16.379   40.7943
-20.0126   18.33   35
-20.8879   18.8346   35
-23.7139   18.651   35
-23.7133   19.6614   35
-23.4551   21.2584   35
-23.4545   22.2688   35
-25.3659   22.725   35
-26.2406   23.23   35
-26.2406   24.24   35
-27.1153   24.745   35
-27.9899   25.25   35
-27.9899   26.26   35
-28.8646   26.765   35
-29.7393   27.27   35
