-19.2431   4.04   35
-26.7552   5.68836   35
-17.4937   3.03   35
-28.0092   11.4732   20.809
-28.0092   11.2402   35
-22.7418   6.06   35
-18.3684   3.535   35
9.62154   13.635   35
9.62154   14.645   35
10.4962   15.15   35
10.4962   16.16   35
11.3709   16.665   35
11.3709   17.675   35
12.2456   18.18   35
12.2456   19.19   35
11.7116   20.6645   35
11.711   21.6749   35
15.8509   20.7327   35
15.8503   21.7431   35
13.4024   24.6044   35
13.4018   25.6147   35
18.4175   24.1669   35
18.4169   25.1772   35
17.4937   27.27   35
17.4937   28.28   35
17.4937   29.29   35
18.3684   29.795   35
18.3684   30.805   35
19.2431   31.31   35
19.2431   32.32   35
19.2431   33.33   35
20.1178   33.835   35
20.1178   34.845   35
