-3.49874   37.37   35
-5.53484   27.6987   43.5427
-8.82384   27.2478   35
-5.24811   35.35   35
-7.87217   19.695   35
16.619   1.515   35
16.619   2.525   35
17.4937   2.02   35
18.3684   2.525   35
19.2431   2.02   35
20.1178   2.525   35
20.9925   2.02   35
21.8671   1.515   35
22.7418   2.02   35
23.7518   2.9192   35
24.6265   3.42489   35
25.8805   -0.125734   35
26.7552   0.379959   35
28.0092   2.9192   35
28.8839   3.42489   35
30.1379   -0.631427   35
31.0126   -1.13712   35
32.3634   1.515   35
33.2381   1.01   35
34.1127   0.505   35
34.9874   1.01   35
35.8621   0.505   35
36.7368   0   35
37.6115   0.505   35
38.4862   0   35
39.3609   -0.505   35
40.2355   0   35
