3.49874   19.19   35
4.37343   19.695   35
3.49874   17.17   35
3.49874   18.18   35
3.49874   19.19   35
4.37343   19.695   35
4.37343   20.705   35
4.37343   21.715   35
5.24811   22.22   35
5.24811   23.23   35
6.45633   23.6987   35
7.33161   24.2033   35
5.72771   26.5773   26.4639
5.72741   27.5875   26.4573
8.14707   27.6385   35
9.02236   28.1432   35
7.03103   30.7409   35
7.90631   31.2455   35
9.62154   31.815   35
9.62154   32.825   35
10.4962   33.33   35
10.4962   34.34   35
11.3709   34.845   35
11.3709   35.855   35
12.2456   36.36   35
12.2456   37.37   35
13.1203   37.875   35
