15.7443   13.13   35
13.995   12.12   35
17.4937   14.14   35
13.1203   11.615   35
13.1203   11.615   35
13.995   12.12   35
14.8697   12.625   35
15.7443   13.13   35
16.619   13.635   35
17.4937   14.14   35
18.3684   14.645   35
19.2431   15.15   35
20.1178   14.645   35
20.1874   15.771   29.2124
20.623   15.5196   19.5632
21.4967   16.0251   19.5565
23.3177   16.4218   62.8345
24.1914   16.9273   62.8411
24.627   16.6758   72.4903
25.3404   17.712   9.24163
30.1379   14.1573   8.41129
31.0126   14.1569   18.0539
32.3634   16.665   35
33.2381   16.16   35
34.1127   16.665   35
34.9874   16.16   35
35.8621   16.665   35
36.7368   16.16   35
