7.87217   15.655   35
7.87217   16.665   35
8.74686   17.17   35
8.74686   18.18   35
9.62154   18.685   35
9.62154   19.695   35
10.4962   20.2   35
11.7116   20.6645   35
10.5956   23.7669   35
11.4709   24.2715   35
14.2783   24.0987   35
14.2777   25.109   35
13.1622   27.201   35
14.0375   27.7057   35
15.7443   28.28   35
15.7443   29.29   35
16.619   29.795   35
17.4937   30.3   35
17.4937   31.31   35
18.3684   31.815   35
19.2431   32.32   35
19.2431   33.33   35
20.1178   33.835   35
20.9925   34.34   35
