8.74686   14.14   35
9.62154   14.645   35
9.62154   15.655   35
9.62154   16.665   35
10.4962   17.17   35
10.4962   18.18   35
10.4962   19.19   35
10.4962   20.2   35
10.8358   21.1702   35
10.8352   22.1806   35
11.4715   23.2612   35
10.5956   23.7669   35
10.595   24.7772   35
10.7747   26.1214   35
10.7741   27.1318   35
9.89824   27.6375   35
10.5346   28.7181   35
10.534   29.7284   35
9.65809   30.2341   35
9.62154   31.815   35
8.74686   32.32   35
8.74686   33.33   35
7.87217   33.835   35
7.87217   34.845   35
6.99749   35.35   35
6.99749   36.36   35
6.1228   36.865   35
6.1228   37.875   35
5.24811   38.38   35
5.24811   39.39   35
4.37343   39.895   35
