25.8805   -4.17128   35
26.7552   -4.67697   35
28.8839   -3.65481   35
22.7418   -3.03   35
16.619   -1.515   35
-5.24811   19.19   35
-5.24811   20.2   35
-6.1228   20.705   35
-6.99749   21.21   35
-7.87217   21.715   35
-19.2431   26.26   35
-20.1178   25.755   35
-20.9925   26.26   35
-21.8671   25.755   35
-22.7418   25.25   35
-23.6165   25.755   35
-24.4912   25.25   35
-25.3659   24.745   35
-34.9874   -7.07   35
-26.2406   25.25   35
-35.8621   -7.575   35
-27.1153   24.745   35
-27.9899   24.24   35
-28.8646   23.735   35
-29.7393   23.23   35
-37.6115   -3.535   35
-37.6115   -4.545   35
-30.614   22.725   35
-38.4862   -1.01   35
-38.4862   -2.02   35
-31.4887   22.22   35
-38.4862   -3.03   35
-32.3634   21.715   35
-39.3609   0.505   35
-39.3609   -0.505   35
-34.1127   19.695   35
-39.3609   1.515   35
-33.2381   21.21   35
-39.3609   2.525   35
-34.1127   20.705   35
-34.9874   19.19   35
-40.2355   2.02   35
-40.2355   3.03   35
-35.8621   18.685   35
-40.2355   4.04   35
