-14.8697   -11.615   35
-15.7443   -12.12   35
-14.8697   -10.605   35
-14.8697   -11.615   35
-13.995   -11.11   35
-13.995   -12.12   35
-14.8697   -11.615   35
-14.8697   -12.625   35
-15.7443   -12.12   35
-15.7443   -13.13   35
-16.619   -12.625   35
-16.619   -13.635   35
-17.4937   -13.13   35
-17.4937   -14.14   35
-18.3684   -13.635   35
-19.2431   -14.14   35
-20.1178   -14.645   35
-21.0585   -15.2681   9.91396
-21.9323   -15.7736   9.90734
-21.9821   -17.1929   35
-22.8574   -17.6975   35
-25.3404   -17.712   9.24163
-26.2142   -18.2175   9.23501
-26.6497   -17.966   -0.414184
-26.7285   -19.3685   44.2084
-27.6022   -19.8741   44.2151
-28.0378   -19.6226   53.8643
-30.614   -19.695   35
-31.4887   -19.19   35
-32.3634   -19.695   35
-33.2381   -20.2   35
-34.1127   -19.695   35
-34.1127   -20.705   35
-34.9874   -20.2   35
