13.995   14.14   35
13.1203   12.625   35
13.995   15.15   35
13.995   13.13   35
13.995   14.14   35
14.8697   10.605   35
15.7443   11.11   35
16.619   11.615   35
17.4937   12.12   35
18.3684   11.615   35
19.2431   12.12   35
20.1178   12.625   35
20.9925   13.13   35
21.8671   13.635   35
22.7418   13.13   35
24.6265   11.5657   72.6483
26.7552   12.1694   9.07701
28.0092   13.3007   68.4894
28.8839   13.3004   58.8469
30.1379   13.6516   18.0605
31.0126   13.6513   27.7031
32.3634   14.645   35
33.2381   15.15   35
34.1127   14.645   35
34.9874   15.15   35
35.8621   14.645   35
36.7368   15.15   35
37.6115   14.645   35
