-8.74686   16.16   35
-7.87217   14.645   35
-8.74686   15.15   35
-7.87217   14.645   35
-7.87217   14.645   35
-8.74686   15.15   35
-8.74686   16.16   35
-9.62154   16.665   35
-10.4962   18.18   35
-11.3709   18.685   35
-11.3709   19.695   35
-13.2643   19.7681   35
-13.2643   19.7681   35
-13.2643   19.7681   35
-13.2643   19.7681   35
-13.2643   19.7681   35
-13.2643   19.7681   35
-13.2643   19.7681   35
-13.2637   20.7784   35
-13.2637   20.7784   35
-14.1396   20.2728   35
-14.1396   20.2728   35
-14.1396   20.2728   35
-14.1396   20.2728   35
-14.1396   20.2728   35
-14.1396   20.2728   35
-14.1396   20.2728   35
-12.1296   22.8812   35
-13.0049   23.3859   35
-16.7062   23.7069   35
-14.6962   26.3154   35
-15.5715   26.82   35
-17.4937   27.27   35
-18.3684   27.775   35
-19.2431   28.28   35
-20.1178   28.785   35
-20.1178   29.795   35
-20.9925   30.3   35
-21.8671   30.805   35
-22.7418   31.31   35
-22.7418   32.32   35
-23.6165   32.825   35
