-9.62154   -13.635   35
-10.4962   -14.14   35
-10.4962   -15.15   35
-11.3709   -15.655   35
-12.2456   -16.16   35
-13.1203   -16.665   35
-13.995   -17.17   35
-14.8697   -17.675   35
-16.0911   -18.1361   35
-16.9664   -18.6407   35
-16.7268   -20.227   35
-17.6021   -20.7317   35
-18.478   -20.226   35
-20.4095   -20.5588   35
-21.2848   -21.0635   35
-21.9211   -22.1441   35
-22.7964   -22.6487   35
-24.4912   -23.23   35
-25.3659   -23.735   35
-26.2406   -23.23   35
-27.1153   -23.735   35
-27.9899   -24.24   35
-28.8646   -24.745   35
-29.7393   -24.24   35
-30.614   -24.745   35
-31.4887   -25.25   35
