-12.1296   22.8812   35
-10.4962   19.19   35
-9.62154   16.665   35
-8.74686   16.16   35
-9.62154   17.675   35
-8.74686   14.14   35
-8.74686   15.15   35
-8.74686   16.16   35
-9.62154   16.665   35
-9.62154   17.675   35
-10.4962   18.18   35
-10.4962   19.19   35
-10.4962   20.2   35
-10.6366   21.2852   35
-10.636   22.2955   35
-12.1296   22.8812   35
-13.0049   23.3859   35
-12.129   23.8916   35
-12.3274   25.225   35
-12.3268   26.2354   35
-13.8203   26.8211   35
-12.9445   27.3267   35
-13.8197   27.8314   35
-13.995   29.29   35
-13.995   30.3   35
-13.995   31.31   35
-13.995   32.32   35
-13.995   33.33   35
-14.8697   33.835   35
-14.8697   34.845   35
-14.8697   35.855   35
-14.8697   36.865   35
