6.1228   18.685   35
4.37343   16.665   35
5.24811   17.17   35
4.37343   16.665   35
5.24811   17.17   35
5.24811   18.18   35
6.1228   18.685   35
6.1228   19.695   35
6.1228   20.705   35
6.99749   21.21   35
6.99749   22.22   35
8.2081   22.6873   35
9.08339   23.192   35
7.96794   25.2839   35
8.84323   25.7886   35
10.7747   26.1214   35
10.7741   27.1318   35
10.5346   28.7181   35
11.4099   29.2227   35
12.2456   30.3   35
13.1203   30.805   35
13.1203   31.815   35
13.995   32.32   35
14.8697   32.825   35
14.8697   33.835   35
15.7443   34.34   35
16.619   34.845   35
16.619   35.855   35
17.4937   36.36   35
