19.2431   -3.03   35
25.8805   -3.15989   35
20.9925   -3.03   35
20.1178   -3.535   35
20.9925   -3.03   35
16.619   -2.525   35
16.619   -3.535   35
17.4937   -3.03   35
17.4937   -4.04   35
18.3684   -3.535   35
19.2431   -3.03   35
20.1178   -3.535   35
20.9925   -3.03   35
21.8671   -3.535   35
22.7418   -3.03   35
23.7518   -4.16051   35
24.6265   -3.65481   35
25.8805   -3.15989   35
26.7552   -2.6542   35
28.0092   -3.14912   35
28.8839   -3.65481   35
30.1379   -2.6542   35
31.0126   -2.14851   35
32.3634   -2.525   35
33.2381   -2.02   35
34.1127   -2.525   35
34.9874   -2.02   35
35.8621   -1.515   35
36.7368   -1.01   35
37.6115   -1.515   35
38.4862   -1.01   35
39.3609   -0.505   35
40.2355   0   35
