-16.619   -0.505   35
-17.4937   -1.01   35
-18.3684   -0.505   35
-19.2431   -1.01   35
-20.1178   -0.505   35
-20.9925   0   35
-21.8671   -0.505   35
-22.7418   0   35
-23.7518   -1.90781   35
-24.6265   -1.40212   35
-25.8805   2.14851   35
-26.7552   1.64281   35
-28.0092   -1.90781   35
-28.8839   -1.40212   35
-30.1379   2.6542   35
-31.0126   3.15989   35
-32.3634   1.515   35
-33.2381   2.02   35
-34.1127   1.515   35
-34.9874   2.02   35
-35.8621   2.525   35
-36.7368   3.03   35
-37.6115   2.525   35
-38.4862   3.03   35
-39.3609   3.535   35
-40.2355   4.04   35
