-6.1228   -16.665   35
-3.49874   -17.17   35
17.4937   10.1   35
-7.87217   -14.645   35
-16.619   9.595   35
-17.4937   10.1   35
-18.3684   9.595   35
-19.2431   10.1   35
-20.1178   10.605   35
-20.9925   11.11   35
-21.8671   11.615   35
-22.7418   11.11   35
-23.7518   10.7513   7.00748
-24.6265   10.7523   16.6501
-25.8805   11.3766   51.2672
-26.7552   11.8805   51.2738
-28.0092   11.9761   11.1598
-28.8839   11.9772   20.8023
-30.1379   13.36   42.2903
-31.0126   13.2738   35
-32.3634   13.635   35
-33.2381   14.14   35
-34.1127   13.635   35
-34.9874   14.14   35
-35.8621   14.645   35
-36.7368   14.14   35
-37.6115   14.645   35
