-18.3684   -5.555   35
-17.4937   -6.06   35
-19.2431   -6.06   35
-18.3684   -5.555   35
-17.4937   -6.06   35
-16.619   -5.555   35
-17.4937   -6.06   35
-18.3684   -5.555   35
-19.2431   -6.06   35
-20.1178   -5.555   35
-20.9925   -6.06   35
-21.8671   -5.555   35
-22.7418   -6.06   35
-23.7518   -4.94197   35
-24.6265   -5.44766   35
-25.8805   -5.94258   35
-26.7552   -5.43689   35
-28.0092   -4.94197   35
-28.8839   -4.43628   35
-30.1379   -4.4255   35
-31.0126   -3.91981   35
-32.3634   -3.535   35
-33.2381   -3.03   35
-34.1127   -2.525   35
-34.9874   -2.02   35
-35.8621   -1.515   35
-36.7368   -1.01   35
-37.6115   -0.505   35
-38.4862   0   35
-39.3609   0.505   35
-40.2355   1.01   35
