-4.96694   -25.5686   60.0927
-5.81231   -29.9965   41.4666
-4.41388   -27.3359   -2.48371
-4.96694   -25.5686   60.0927
-4.41358   -28.3461   -2.49032
-5.24811   -16.16   35
-5.24811   -17.17   35
-5.24811   -18.18   35
-4.37343   -18.685   35
-4.37343   -19.695   35
-4.37343   -20.705   35
-4.37343   -21.715   35
-3.49874   -22.22   35
-3.49874   -23.23   35
-2.62406   -23.735   35
-3.49874   -24.24   35
-2.62406   -24.745   35
4.33417   -30.8499   -0.414184
5.07388   -31.8708   53.8576
5.07478   -32.8803   53.8643
6.1228   -33.835   35
6.99749   -34.34   35
7.87217   -34.845   35
8.74686   -35.35   35
9.62154   -35.855   35
11.3709   -35.855   35
10.4962   -36.36   35
12.2456   -36.36   35
13.995   -36.36   35
13.1203   -36.865   35
15.7443   -36.36   35
14.8697   -36.865   35
17.4937   -36.36   35
16.619   -36.865   35
-4.41388   -27.3359   -2.48371
-4.41358   -28.3461   -2.49032
