-18.7187   -16.619   35
-18.3684   -15.655   35
-13.995   -13.13   35
-15.7443   -14.14   35
-13.995   -13.13   35
16.619   9.595   35
17.4937   9.09   35
18.3684   9.595   35
19.2431   10.1   35
20.1178   10.605   35
20.9925   11.11   35
21.8671   11.615   35
22.7418   11.11   35
23.7518   11.0603   72.6417
24.6265   11.06   62.9991
25.8805   10.6527   28.382
26.7552   11.158   28.3754
28.0092   12.795   58.8402
28.8839   13.3004   58.8469
30.1379   12.5166   35
31.0126   12.0109   35
32.3634   13.635   35
33.2381   14.14   35
34.1127   14.645   35
34.9874   14.14   35
35.8621   14.645   35
36.7368   15.15   35
37.6115   14.645   35
