4.37343   -17.675   35
4.37343   -18.685   35
4.37343   -16.665   35
3.49874   -20.2   35
3.49874   -19.19   35
4.37343   -16.665   35
4.37343   -16.665   35
4.37343   -17.675   35
4.37343   -18.685   35
3.49874   -19.19   35
3.49874   -20.2   35
3.49874   -21.21   35
2.62406   -21.715   35
2.62406   -22.725   35
-8.74686   -32.32   35
-7.87217   -32.825   35
-9.62154   -32.825   35
-10.4962   -33.33   35
-12.2456   -33.33   35
-11.3709   -33.835   35
4.37343   -16.665   35
4.37343   -17.675   35
4.37343   -18.685   35
3.49874   -19.19   35
3.49874   -20.2   35
3.49874   -21.21   35
