-5.07478   32.8803   53.8643
28.0092   -11.4732   20.809
-7.94795   27.7535   35
17.4937   -7.07   35
25.8805   -11.8795   60.9164
-5.66531   25.1654   29.2057
-7.94795   27.7535   35
16.619   -6.565   35
16.619   -7.575   35
17.4937   -7.07   35
18.3684   -7.575   35
19.2431   -8.08   35
20.1178   -8.585   35
20.9925   -8.08   35
20.9925   -9.09   35
21.8671   -8.585   35
21.8671   -9.595   35
22.7418   -10.1   35
23.7518   -9.74546   26.3059
24.6265   -9.72313   35
24.6265   -10.2494   26.2993
25.8805   -11.8795   60.9164
26.7552   -12.3835   60.923
28.0092   -11.4732   20.809
28.8839   -11.9772   20.8023
30.1379   -14.3658   61.5887
30.1379   -14.8687   71.2379
31.0126   -15.3727   71.2445
32.3634   -16.665   35
33.2381   -17.17   35
34.1127   -17.675   35
34.1127   -18.685   35
34.9874   -19.19   35
