9.62154   15.655   35
8.74686   15.15   35
8.74686   14.14   35
8.74686   14.14   35
8.74686   15.15   35
9.62154   15.655   35
9.62154   16.665   35
9.62154   17.675   35
10.4962   18.18   35
10.4962   19.19   35
10.4962   20.2   35
11.7116   20.6645   35
12.5869   21.1692   35
11.711   21.6749   35
10.5956   23.7669   35
10.595   24.7772   35
12.5265   25.1101   35
12.5259   26.1204   35
11.4105   28.2124   35
10.5346   28.7181   35
11.4099   29.2227   35
12.2456   30.3   35
12.2456   31.31   35
11.3709   31.815   35
12.2456   32.32   35
11.3709   32.825   35
12.2456   33.33   35
11.3709   33.835   35
11.3709   34.845   35
11.3709   35.855   35
11.3709   36.865   35
11.3709   37.875   35
