20.1178   -28.785   35
14.8697   -16.665   35
13.995   -14.14   35
13.995   -15.15   35
-13.1203   -11.615   35
-13.995   -12.12   35
-13.995   -13.13   35
-14.8697   -13.635   35
-14.8697   -14.645   35
-14.8697   -15.655   35
-15.7443   -16.16   35
-15.7443   -17.17   35
-17.8428   -17.1247   35
-17.8422   -18.135   35
-14.0991   -21.7441   35
-14.0985   -22.7544   35
-18.6577   -21.5702   35
-18.6571   -22.5806   35
-14.0381   -26.6953   35
-13.1622   -27.201   35
-13.1616   -28.2114   35
-15.7443   -28.28   35
-14.8697   -28.785   35
-14.8697   -29.795   35
-14.8697   -30.805   35
-13.995   -31.31   35
-13.995   -32.32   35
-13.1203   -32.825   35
-13.1203   -33.835   35
-12.2456   -34.34   35
-12.2456   -35.35   35
-11.3709   -35.855   35
-11.3709   -36.865   35
-10.4962   -37.37   35
-9.62154   -37.875   35
-9.62154   -38.885   35
-8.74686   -39.39   35
