24.6265   10.5543   53.3499
19.2431   10.1   35
32.3634   12.625   35
16.619   8.585   35
18.3684   9.595   35
-16.619   3.535   35
-17.4937   4.04   35
-18.3684   3.535   35
-19.2431   4.04   35
-20.1178   4.545   35
-20.9925   4.04   35
-21.8671   4.545   35
-22.7418   4.04   35
-23.7518   4.16051   35
-24.6265   3.65481   35
-25.8805   5.18266   35
-26.7552   5.68836   35
-28.0092   4.16051   35
-28.8839   3.65481   35
-30.1379   6.69974   35
-31.0126   6.19405   35
-32.3634   5.555   35
-33.2381   5.05   35
-34.1127   5.555   35
-34.9874   6.06   35
-35.8621   5.555   35
-36.7368   6.06   35
-37.6115   5.555   35
-38.4862   6.06   35
-39.3609   5.555   35
