-13.1203   -11.615   35
-13.995   -12.12   35
-14.8697   -11.615   35
-15.7443   -12.12   35
-16.619   -12.625   35
-17.4937   -13.13   35
-18.3684   -12.625   35
-19.2431   -13.13   35
-20.1178   -13.635   35
-20.9925   -13.13   35
-21.8671   -13.635   35
-22.7418   -13.13   35
-25.8805   -13.1811   -19.864
-26.7552   -13.1808   -10.2214
-28.0092   -11.0103   35
-28.8839   -10.5046   35
-30.1379   -13.6516   18.0605
-31.0126   -13.6513   27.7031
-32.3634   -11.615   35
-33.2381   -11.11   35
-34.1127   -10.605   35
-34.9874   -10.1   35
-35.8621   -9.595   35
-36.7368   -9.09   35
-37.6115   -8.585   35
-38.4862   -8.08   35
-39.3609   -6.565   35
-39.3609   -7.575   35
-2.62406   17.675   35
