13.2637   -20.7784   35
9.62154   -16.665   35
9.62154   -14.645   35
8.74686   -14.14   35
16.619   8.585   35
17.4937   9.09   35
17.4937   10.1   35
18.3684   10.605   35
19.2431   11.11   35
19.2431   12.12   35
20.1178   12.625   35
20.9925   13.13   35
20.9925   14.14   35
21.9296   14.7652   -9.38444
22.3678   15.5222   0.258146
21.1062   17.6986   35
21.1056   18.7089   35
24.9048   17.9634   18.8908
22.797   21.6384   35
25.7786   18.4689   18.8842
22.7964   22.6487   35
25.3659   22.725   35
25.3659   23.735   35
26.2406   24.24   35
26.2406   25.25   35
26.2406   26.26   35
26.2406   27.27   35
27.1153   26.765   35
27.1153   27.775   35
27.1153   28.785   35
27.1153   29.795   35
