20.1178   4.545   35
16.619   4.545   35
16.619   4.545   35
17.4937   4.04   35
16.619   4.545   35
17.4937   4.04   35
18.3684   4.545   35
19.2431   4.04   35
20.1178   4.545   35
20.9925   4.04   35
21.8671   4.545   35
22.7418   4.04   35
23.7518   3.93058   35
24.6265   3.42489   35
25.8805   5.94258   35
26.7552   5.43689   35
28.0092   3.93058   35
28.8839   3.42489   35
30.1379   5.43689   35
31.0126   4.9312   35
32.3634   4.545   35
33.2381   4.04   35
34.1127   3.535   35
34.9874   4.04   35
35.8621   3.535   35
36.7368   3.03   35
37.6115   3.535   35
38.4862   3.03   35
39.3609   2.525   35
40.2355   3.03   35
