22.7418   -25.25   35
22.7418   -24.24   35
22.7418   -25.25   35
23.6165   -24.745   35
6.1228   15.655   35
6.99749   16.16   35
7.87217   16.665   35
7.87217   17.675   35
8.74686   18.18   35
9.62154   18.685   35
10.4962   19.19   35
11.3709   19.695   35
10.4962   20.2   35
11.7116   20.6645   35
12.5869   21.1692   35
13.2233   22.2498   35
14.0991   21.7441   35
14.0985   22.7544   35
14.9744   22.2488   35
16.03   23.0873   35
16.9053   23.5919   35
18.4175   24.1669   35
19.2928   24.6715   35
20.1687   24.1658   35
20.9925   25.25   35
21.8671   24.745   35
22.7418   25.25   35
23.6165   25.755   35
24.4912   25.25   35
25.3659   25.755   35
26.2406   26.26   35
27.1153   25.755   35
27.9899   26.26   35
28.8646   25.755   35
29.7393   26.26   35
30.614   25.755   35
31.4887   25.25   35
