-22.6396   17.8232   35
6.1228   -15.655   35
6.1228   -17.675   35
-10.4962   13.13   35
-11.3709   13.635   35
-12.2456   14.14   35
-13.1203   14.645   35
-13.995   15.15   35
-14.8697   15.655   35
-15.7443   16.16   35
-16.619   16.665   35
-15.892   18.251   35
-16.7672   18.7557   35
-21.7643   17.3186   35
-22.6396   17.8232   35
-20.2104   20.6738   35
-21.0856   21.1784   35
-21.9615   20.6727   35
-26.5407   19.477   25.7916
-27.4157   19.9818   25.7849
-27.9899   21.21   35
-28.8646   21.715   35
-29.7393   22.22   35
-30.614   21.715   35
-31.4887   22.22   35
-32.3634   21.715   35
-33.2381   22.22   35
