-9.62154   -14.645   35
-8.74686   -14.14   35
-7.87217   -14.645   35
7.87217   14.645   35
7.87217   15.655   35
8.74686   16.16   35
8.74686   17.17   35
8.74686   18.18   35
8.74686   19.19   35
9.62154   19.695   35
8.74686   20.2   35
9.62154   20.705   35
10.8358   21.1702   35
6.45633   23.6987   35
10.8352   22.1806   35
8.84383   24.7783   35
8.84323   25.7886   35
10.7747   26.1214   35
10.7741   27.1318   35
8.7828   29.7295   35
8.7822   30.7398   35
9.62154   31.815   35
9.62154   32.825   35
9.62154   33.835   35
9.62154   34.845   35
8.74686   35.35   35
8.74686   36.36   35
8.74686   37.37   35
8.74686   38.38   35
7.87217   38.885   35
