-19.2431   0   35
-18.3684   0.505   35
-16.619   0.505   35
-17.4937   0   35
-18.3684   0.505   35
-19.2431   0   35
-20.1178   0.505   35
-20.9925   1.01   35
-21.8671   0.505   35
-22.7418   1.01   35
-23.7518   3.14912   35
-24.6265   2.64343   35
-25.8805   0.125734   35
-26.7552   0.631427   35
-28.0092   4.16051   35
-28.8839   4.6662   35
-30.1379   1.64281   35
-31.0126   2.14851   35
-32.3634   4.545   35
-33.2381   4.04   35
-34.1127   4.545   35
-34.9874   5.05   35
-35.8621   5.555   35
-36.7368   6.06   35
-37.6115   6.565   35
-38.4862   7.07   35
-39.3609   7.575   35
