-20.9925   9.09   35
-18.3684   7.575   35
-22.7418   11.11   35
-17.4937   7.07   35
-18.3684   7.575   35
-16.619   6.565   35
-16.619   6.565   35
-17.4937   7.07   35
-18.3684   7.575   35
-19.2431   8.08   35
-20.1178   8.585   35
-20.9925   9.09   35
-21.8671   9.595   35
-22.7418   10.1   35
-22.7418   11.11   35
-23.7518   9.74546   26.3059
-24.6265   10.2494   26.2993
-25.8805   12.3824   70.5656
-25.8805   12.8853   80.2148
-26.7552   13.3893   80.2214
-30.1379   15.8746   90.5363
-30.1379   16.3775   100.186
-31.4887   19.19   35
-32.3634   19.695   35
-33.2381   20.2   35
-33.2381   21.21   35
-34.1127   21.715   35
