-19.2431   -4.04   35
-18.3684   -3.535   35
-23.7518   -7.97613   35
-19.2431   -4.04   35
-16.619   -3.535   35
-16.619   -2.525   35
-16.619   -3.535   35
-17.4937   -3.03   35
-17.4937   -4.04   35
-18.3684   -3.535   35
-18.3684   -4.545   35
-19.2431   -4.04   35
-19.2431   -5.05   35
-20.1178   -4.545   35
-20.1178   -5.555   35
-20.9925   -5.05   35
-21.8671   -5.555   35
-22.7418   -6.06   35
-23.7518   -7.97613   35
-24.6265   -8.48182   35
-25.8805   -6.95397   35
-26.7552   -7.45966   35
-28.0092   -11.0103   35
-28.8839   -11.516   35
-28.8839   -12.5274   35
-30.1379   -9.48243   35
-31.0126   -9.98813   35
-32.3634   -13.635   35
-33.2381   -14.14   35
-34.1127   -14.645   35
-34.1127   -15.655   35
-34.9874   -16.16   35
-35.8621   -16.665   35
-35.8621   -17.675   35
