10.4962   -16.16   35
13.0055   -22.3755   35
8.74686   -14.14   35
10.4962   -16.16   35
6.99749   -15.15   35
6.99749   -16.16   35
6.99749   -17.17   35
7.87217   -17.675   35
7.87217   -18.685   35
7.87217   -19.695   35
7.87217   -20.705   35
8.74686   -21.21   35
8.00898   -22.8023   35
8.88427   -23.3069   35
9.50194   -24.3983   35
10.3772   -24.903   35
9.69972   -26.7421   35
9.69912   -27.7524   35
11.1927   -28.3381   35
10.3168   -28.8438   35
11.1921   -29.3485   35
11.3709   -30.805   35
10.4962   -31.31   35
11.3709   -31.815   35
11.3709   -32.825   35
11.3709   -33.835   35
11.3709   -34.845   35
12.2456   -35.35   35
11.3709   -35.855   35
12.2456   -36.36   35
12.2456   -37.37   35
12.2456   -38.38   35
