-16.619   5.555   35
-20.1178   5.555   35
-17.4937   6.06   35
-19.2431   6.06   35
-18.3684   5.555   35
-17.4937   6.06   35
6.1228   15.655   35
6.1228   16.665   35
6.99749   17.17   35
6.99749   18.18   35
7.87217   18.685   35
7.87217   19.695   35
7.87217   20.705   35
8.74686   21.21   35
9.08399   22.1816   35
9.08339   23.192   35
10.5956   23.7669   35
11.4709   24.2715   35
10.7747   26.1214   35
11.65   26.6261   35
14.0381   26.6953   35
14.0375   27.7057   35
14.8697   28.785   35
14.8697   29.795   35
15.7443   30.3   35
16.619   30.805   35
16.619   31.815   35
17.4937   32.32   35
18.3684   32.825   35
19.2431   33.33   35
20.1178   33.835   35
20.1178   34.845   35
