4.37343   18.685   35
6.99749   22.22   35
5.24811   19.19   35
3.49874   17.17   35
5.24811   19.19   35
3.49874   17.17   35
4.37343   17.675   35
4.37343   18.685   35
5.24811   19.19   35
5.24811   20.2   35
6.1228   20.705   35
6.1228   21.715   35
6.99749   22.22   35
6.45633   23.6987   35
7.33161   24.2033   35
8.84383   24.7783   35
9.71912   25.2829   35
9.02296   27.1328   35
9.02236   28.1432   35
12.2863   27.7067   35
13.1616   28.2114   35
12.2456   30.3   35
13.1203   30.805   35
13.995   31.31   35
14.8697   31.815   35
14.8697   32.825   35
15.7443   33.33   35
16.619   33.835   35
17.4937   34.34   35
18.3684   34.845   35
19.2431   35.35   35
