-31.0126   15.8756   80.8937
-31.0126   15.3727   71.2445
-32.3634   15.655   35
-32.3634   14.645   35
-33.2381   14.14   35
-34.1127   13.635   35
-34.1127   12.625   35
-34.9874   12.12   35
-34.9874   11.11   35
-35.8621   10.605   35
-36.7368   10.1   35
-36.7368   9.09   35
-37.6115   8.585   35
-37.6115   7.575   35
-38.4862   7.07   35
-38.4862   6.06   35
-35.8621   -9.595   35
-34.9874   -10.1   35
-7.87217   -15.655   35
-7.87217   -14.645   35
-6.99749   -15.15   35
25.8805   0.885652   35
26.7552   1.39134   35
