4.37343   21.715   35
4.37343   16.665   35
5.24811   17.17   35
4.37343   16.665   35
4.37343   16.665   35
5.24811   17.17   35
4.37343   17.675   35
5.24811   18.18   35
5.24811   19.19   35
5.24811   20.2   35
5.24811   21.21   35
4.37343   21.715   35
5.24811   22.22   35
4.37343   22.725   35
5.24811   23.23   35
4.37343   23.735   35
5.84312   24.0527   40.7876
5.40518   24.3056   50.4368
5.40518   24.3056   50.4368
5.40488   25.3157   50.4435
4.85182   27.083   7.16549
4.85152   28.0932   7.15888
4.93672   29.492   60.7584
4.93642   30.5022   60.765
4.38337   32.2695   -3.15604
