10.4962   -20.2   35
7.87217   -17.675   35
6.99749   -16.16   35
7.87217   -17.675   35
7.87217   -16.665   35
6.99749   -15.15   35
6.99749   -16.16   35
7.87217   -16.665   35
7.87217   -17.675   35
8.74686   -18.18   35
8.74686   -19.19   35
9.62154   -19.695   35
10.4962   -20.2   35
10.6366   -21.2852   35
11.5119   -21.7898   35
12.1296   -22.8812   35
12.129   -23.8916   35
14.0792   -24.2136   35
14.9544   -24.7183   35
14.6962   -26.3154   35
15.5715   -26.82   35
17.4937   -27.27   35
17.4937   -28.28   35
18.3684   -28.785   35
19.2431   -29.29   35
20.1178   -29.795   35
20.9925   -30.3   35
21.8671   -30.805   35
22.7418   -31.31   35
23.6165   -31.815   35
23.6165   -32.825   35
