-11.3709   -17.675   35
-8.74686   -14.14   35
-8.74686   -14.14   35
-8.74686   -15.15   35
-9.62154   -15.655   35
-10.4962   -16.16   35
-10.4962   -17.17   35
-11.3709   -17.675   35
-12.2456   -18.18   35
-13.1203   -18.685   35
-14.3393   -19.1474   35
-15.2146   -19.6521   35
-14.0991   -21.7441   35
-14.9744   -22.2488   35
-17.7818   -22.0759   35
-18.6571   -22.5806   35
-17.5417   -24.6725   35
-18.4175   -24.1669   35
-18.4169   -25.1772   35
-20.9925   -25.25   35
-21.8671   -25.755   35
-22.7418   -26.26   35
-23.6165   -26.765   35
-24.4912   -27.27   35
-25.3659   -27.775   35
-26.2406   -28.28   35
-27.1153   -28.785   35
