-13.995   -11.11   35
-14.8697   -11.615   35
-13.995   -11.11   35
-14.8697   -11.615   35
-13.995   -11.11   35
-14.8697   -11.615   35
-15.7443   -12.12   35
-16.619   -12.625   35
-17.4937   -12.12   35
-18.3684   -12.625   35
-19.2431   -13.13   35
-20.1178   -12.625   35
-20.9925   -13.13   35
-21.8671   -13.635   35
-22.7418   -13.13   35
-24.6265   -11.06   62.9991
-25.8805   -12.1698   -0.56558
-26.7552   -12.1694   9.07701
-28.0092   -12.2893   49.1911
-28.8839   -12.5274   35
-30.1379   -13.1459   27.7097
-31.0126   -13.0223   35
-32.3634   -12.625   35
-33.2381   -12.12   35
-34.1127   -12.625   35
-34.9874   -12.12   35
-35.8621   -11.615   35
-36.7368   -11.11   35
-37.6115   -10.605   35
-38.4862   -10.1   35
