23.5657   -17.2886   16.8081
16.619   -9.595   35
16.619   -9.595   35
16.619   -10.605   35
17.4937   -11.11   35
18.3684   -11.615   35
19.2431   -12.12   35
20.1178   -12.625   35
20.1178   -13.635   35
20.9925   -14.14   35
20.0087   -15.8742   40.7876
20.8837   -16.379   40.7943
23.1287   -16.5309   7.16549
23.5657   -17.2886   16.8081
23.7139   -18.651   35
23.7133   -19.6614   35
26.0827   -19.7414   35
26.958   -20.246   35
27.1153   -21.715   35
27.1153   -22.725   35
27.9899   -23.23   35
27.9899   -24.24   35
28.8646   -24.745   35
28.8646   -25.755   35
29.7393   -26.26   35
29.7393   -27.27   35
