-19.2431   6.06   35
-16.619   5.555   35
-18.3684   5.555   35
-16.619   4.545   35
-16.619   4.545   35
-16.619   4.545   35
-16.619   5.555   35
-17.4937   5.05   35
-18.3684   5.555   35
-19.2431   6.06   35
-20.1178   6.565   35
-20.9925   7.07   35
-21.8671   7.575   35
-22.7418   8.08   35
-23.7518   7.19466   35
-24.6265   7.70036   35
-25.8805   10.8737   41.618
-25.8805   11.3766   51.2672
-26.7552   11.3776   41.6246
-26.7552   11.8805   51.2738
-28.0092   9.21744   35
-28.8839   9.72313   35
-30.1379   13.8629   51.9395
-30.1379   14.3658   61.5887
-31.0126   14.8698   61.5953
-32.3634   14.645   35
-33.2381   15.15   35
-33.2381   16.16   35
-34.1127   16.665   35
-34.9874   17.17   35
-35.8621   17.675   35
