    -2.043039083     39.416931152    -10.757220268
    -3.013381004     39.398910522    -27.903120041
    -6.346982956     39.139400482    -14.802149773
    -8.278933525     38.846858978     -9.163450241
   -39.386268616     -6.753905773     30.077810287
   -39.684158325     -4.977619171     44.693801880
    -3.183523893    -39.269660950     16.744779587
    -6.369406223    -39.010848999     15.218239784
    -9.028412819    -38.576900482     10.652500153
   -12.585579872    -37.672439575     13.817170143
   -14.744689941    -36.931529999    106.480796814
   -16.568670273    -36.184249878     13.171310425
   -19.272579193    -34.854228973     16.880619049
   -22.423669815    -32.926380157     13.997429848
   -28.749740601    -27.437440872     24.182659149
     8.044608116    -39.035560608     -3.953840017
    10.220100403    -38.575531006     -3.502759933
    15.261520386    -36.952491760     -8.161470413
    18.320449829    -35.340370178      2.535809994
    16.796049118    -36.073719025    108.697303772
    14.413749695    -37.052761078      8.593799591
    13.342929840    -37.430450439     44.527748108
     7.489618778    -38.868228912     12.592579842
     6.783539772    -38.973800659     17.435760498
    29.391120911     26.654329300   -129.509201050
    17.144470215     35.956459045    -13.260740280
    14.706379890     36.990291595     -6.110239983
    11.010789871     38.180419922    -13.317919731
     7.192012787     38.973979950     -4.867579937
    -3.376739025     44.064140320    -11.665439606
    -3.681591988     44.051700592    -31.127660751
    -6.944986820     43.776039124    -16.698049545
    -9.533564568     43.369251251    -10.096599579
   -40.789131165    -17.396060944     36.716041565
   -41.975078583    -14.622779846     38.596408844
   -42.720748901    -12.517029762     27.512870789
    -3.720098972    -43.926300049     18.767120361
    -7.244802952    -43.611591339     17.093090057
    -9.687828064    -43.212059021     11.695509911
   -14.227290154    -42.057411194     15.396969795
   -18.203350067    -40.571899414     14.649580002
   -29.429479599    -33.345169067     16.612039566
   -30.945150375    -31.904010773     25.008939743
    10.263079643    -43.361801147     -4.251450062
    16.027950287    -41.670459747     -9.200790405
    23.480680466    -37.790988922    124.278099060
    20.579439163    -39.435859680      2.860929966
    16.482919693    -41.268840790     50.352581024
    15.971859932    -41.460960388      9.561619759
    13.579750061    -42.259830475    125.480598450
     8.445625305    -43.449211121     14.141220093
     7.707211971    -43.564239502     19.428020477
    39.267490387    -20.206659317     11.604189873
    33.546070099     28.974269867   -122.589698792
    19.907899857     39.815048218    -14.760609627
    16.697059631     41.232818604     -6.807489872
    11.796970367     42.805908203    -14.924519539
     7.856557846     43.601669312     -5.483329773
    -2.379873037     48.764381409    -13.513629913
    -4.270987988     48.703498840    -13.311160088
    -4.574954987     48.686408997    -34.614658356
    -7.544816971     48.412448883    -18.573909760
   -10.747559547     47.895900726    -10.998740196
    -4.248159885    -48.580860138     20.676240921
    -8.071114540    -48.217399597     18.940040588
   -10.269499779    -47.860439301     12.849140167
   -15.982259750    -46.404209137     17.008640289
   -19.646570206    -45.039230347     16.252040863
   -39.935089111    -28.285409927     21.052440643
   -40.917961121    -26.750749588     21.716020584
    12.005350113    -47.761871338     -4.656229973
    16.736709595    -46.385761261    -10.144869804
    22.897340775    -43.500259399      3.187649965
    20.023220062    -44.870639801     56.167888641
    17.385889053    -45.921638489     10.636219978
     9.482886314    -48.015399933     15.590519905
     8.667325020    -48.147590637     21.560409546
    44.644618988    -20.035690308      4.385479927
    38.322490692     30.459289551   -115.203201294
    22.950780869     43.512149811    -16.440160751
    18.594680786     45.509899139     -7.460410118
    12.589070320     47.426399231    -16.480419159
     8.422069550     48.244148254     -6.078879833
    -2.422749996     53.439201355    -14.851869583
    -4.562203884     53.369609833    -13.992239952
    -5.420471191     53.316150665    -37.902748108
    -8.094860077     53.055068970    -20.412830353
   -12.234459877     52.363830566    -11.902259827
    -4.792477131    -53.232711792     22.748409271
    -8.944272995    -52.815750122     20.643180847
   -10.784270287    -52.519111633     13.870610237
   -17.765249252    -50.739231110     18.672599792
   -21.081439972    -49.506061554     17.683069229
    13.711910248    -52.159759521     -5.071619987
    17.095460892    -51.197021484    -11.258139610
    25.174280167    -47.585311890      3.493040085
    23.901950836    -48.228740692     62.121231079
    18.834440231    -50.369049072     11.642200470
    10.531299591    -52.578189850     17.054819107
     9.677264214    -52.721569061     23.594739914
    50.380298615    -18.687389374     -3.869129896
    43.647598267     31.033819199   -107.504203796
    26.040069580     47.159561157    -18.028509140
    20.591760635     49.746139526     -8.222960472
    13.217820168     52.083030701    -18.139739990
     8.980957985     52.887260437     -6.622019768
    -2.518220901     58.113399506    -16.156200409
    -5.054529190     58.024360657    -16.811840057
    -4.976825237     58.028831482    -14.709119797
    -6.414008141     57.928470612    -41.238941193
    -8.623903275     57.700279236    -22.277000427
   -13.535940170     56.866371155    -12.686499596
    -5.428015232    -57.877208710     24.751859665
    -9.838571548    -57.410060883     22.550830841
   -11.212719917    -57.190670013     15.046360016
   -19.567840576    -55.065380096     20.383569717
   -22.353979111    -54.035179138     19.285129547
    14.356040001    -56.814010620     -5.190929890
    16.256149292    -56.326309204     -5.760769844
    17.252349854    -56.041568756    -12.244999886
    28.058780670    -51.345359802     68.045372009
    27.554700851    -51.615428925      3.733429909
    20.245239258    -54.829479218     12.693949699
    11.588789940    -57.138179779     18.529790878
    10.739239693    -57.285400391     25.640979767
    56.214218140    -16.147800446    -12.705100060
    49.325481415     30.775320053    -99.676010132
    29.300849915     50.687591553    -19.504129410
    22.601400375     53.975711823     -8.887490273
    13.859370232     56.732601166    -19.629840851
     9.427039146     57.546180725     -7.258480072
     2.182791948     58.089458466    -20.109659195
    -2.619685888     62.787498474    -17.378200531
    -5.279273987     62.694179535    -18.012210846
    -5.475920200     62.682571411    -15.747839928
    -7.431531906     62.531749725    -44.534660339
    -9.088220596     62.353359222    -24.045049667
   -15.031310081     61.323589325    -13.617870331
    -6.008640766    -62.523571014     26.811960220
   -10.702139854    -62.008110046     24.238660812
   -11.576889992    -61.870330811     16.052410126
   -21.510559082    -59.341011047     21.857990265
   -23.573190689    -58.580158234     20.830940247
    15.325799942    -61.388660431     -5.628650188
    17.176950455    -60.920898438    -13.303509712
    18.783550262    -60.463439941     -6.218060017
    32.811489105    -54.005359650     74.551902771
    29.868530273    -55.680030823      4.065259933
    21.523479462    -59.335971832     13.673870087
    12.659720421    -61.694740295     20.137340546
    11.793769836    -61.848800659     27.674249649
    62.279281616    -10.964730263    -24.051319122
    56.755821228     27.064069748    -86.725677490
    32.720119476     54.096038818    -21.106000900
    24.765069962     58.139881134     -9.609740257
    14.268839836     61.429561615    -21.282779694
     9.884609222     62.202701569     -7.745250225
     2.185971022     62.764610291    -21.622970581
    -2.657814026     67.462387085    -18.743579865
    -5.425198078     67.368377686    -19.416349411
    -6.075955868     67.328987122    -17.036979675
    -8.570036888     67.116729736    -47.968040466
    -9.618748665     66.998283386    -26.009080887
   -16.564369202     65.768051147    -14.473179817
    -6.658574104    -67.163688660     28.654819489
   -11.651889801    -66.592437744     26.045879364
   -11.841959953    -66.562866211     17.079629898
   -23.877790451    -63.460708618     22.982240677
    16.233409882    -65.977630615     -6.019619942
    16.905849457    -65.817138672    -14.402279854
    21.460580826    -64.525543213     -6.723440170
    37.739440918    -56.402809143     80.730430603
    32.273208618    -59.695621490      4.308080196
    22.893899918    -63.809131622     14.625519753
    13.753490448    -66.246116638     21.585639954
    12.875869751    -66.406112671     29.790430069
    67.947952271     -0.482904196    -41.606079102
    67.872467041      3.020701885    -45.895870209
    67.372673035      8.497876167    -54.010841370
    65.653030396     16.957799911    -66.614479065
    36.396881104     57.314498901    -22.743459702
    26.869340897     62.326461792    -10.372380257
    14.656880379     66.125022888    -22.812969208
    10.292599678     66.865333557     -8.414279938
     2.396076918     67.437789917    -23.280550003
    -2.688607931     72.137367249    -20.055210114
    -5.576968193     72.042060852    -20.754570007
    -6.644454956     71.976226807    -18.106140137
    -9.656104088     71.700942993    -50.949470520
   -10.024669647     71.658119202    -27.865489960
   -18.147890091     70.196640015    -15.434789658
    -7.334485054    -71.800308228     30.785259247
   -12.021450043    -71.264770508     18.188579559
   -12.596229553    -71.176696777     28.000209808
   -25.481540680    -67.852027893     24.340999603
    16.434150696    -70.725318909    -15.372890472
    17.178340912    -70.557579041     -6.449389935
    24.213609695    -68.533721924     -7.154369831
    43.093120575    -58.339370728     87.380783081
    34.715541840    -63.689960480      4.586760044
    24.178640366    -68.311241150     15.604180336
    14.875860214    -70.791160583     23.057189941
    14.000740051    -70.954483032     31.718299866
    40.139110565     60.454200745    -24.282430649
    29.054210663     66.476821899    -11.070750237
    14.948740005     70.834266663    -24.434789658
    10.696359634     71.527763367     -9.048029900
     2.592189074     72.110763550    -24.869230270
    -2.782902002     76.811546326    -21.310609818
    -5.686948776     76.717781067    -22.085649490
    -7.240220070     76.620628357    -19.208129883
   -10.478369713     76.312042236    -29.716489792
   -11.024909973     76.245727539    -54.579288483
   -19.817520142     74.600013733    -16.288619995
    -8.022602081    -76.434562683     32.745338440
   -12.176250458    -75.966300964     19.355279922
   -13.554340363    -75.758041382     29.744600296
   -26.807470322    -72.343772888     26.033840179
    15.658200264    -75.659301758    -16.437080383
    18.104679108    -75.141616821     -6.817120075
    27.155189514    -72.446891785     -7.522640228
    48.864479065    -59.748691559     94.381843567
    37.163909912    -67.680023193      4.906070232
    25.333700180    -72.856246948     16.655370712
    16.003120422    -75.334396362     24.594030380
    15.137800217    -75.499267578     33.877521515
    44.009418488     63.471549988    -25.925479889
    31.249649048     70.620468140    -11.750320435
    15.051569939     75.572952271    -25.998529434
    10.975790024     76.205436707     -9.566189766
     2.730257988     76.784317017    -26.425739288
    -2.779827118     81.486953735    -22.588159561
    -5.829998016     81.391586304    -23.406770706
    -7.870317936     81.261489868    -20.371860504
   -10.864970207     80.973617554    -31.471719742
   -12.351770401     80.787521362    -57.863098145
   -21.458280563     79.006591797    -17.243909836
    -8.752922058    -81.063880920     34.674758911
   -12.124290466    -80.691932678     20.524570465
   -14.491109848    -80.342216492     31.425729752
   -27.195489883    -77.161071777     26.975379944
   -29.262369156    -76.423530579     28.436279297
    14.567549706    -80.606758118    -17.533279419
    18.969730377    -79.739356995     -7.231560230
    30.300949097    -76.251403809     -8.030329704
    54.863109589    -60.719440460    101.214202881
    39.609569550    -71.670722961      5.242740154
    26.565549850    -77.373916626     17.717119217
    17.197559357    -79.863449097     26.062099457
    16.321420670    -80.034080505     35.950290680
    48.096729279     66.295570374    -27.578060150
    33.493938446     74.740631104    -12.448040009
    15.141420364     80.306007385    -27.609069824
    11.229769707     80.884918213    -10.129710197
     2.999027967     81.455726624    -28.060230255
    -2.753547907     86.162536621    -23.866809845
    -5.888847828     86.069442749    -24.742710114
    -8.504867554     85.901046753    -21.570629120
   -11.247480392     85.635383606    -33.171478271
   -13.786210060     85.307350159    -61.294090271
   -23.263530731     83.366416931    -18.060569763
    -9.490194321    -85.691261292     36.761920929
   -12.037699699    -85.416061401     21.516479492
   -15.505979538    -84.912986755     33.327419281
   -27.869930267    -81.865638733     28.478429794
   -31.374090195    -80.623970032     30.037919998
    13.303050041    -85.532882690    -18.589969635
    19.792119980    -84.346298218     -7.647260189
    33.766689301    -79.889900208     -8.457659721
    61.328750610    -60.958751678    108.746597290
    42.104698181    -75.633300781      5.520480156
    27.702770233    -81.921798706     18.705160141
    18.406139374    -84.388603210     27.584070206
    17.494859695    -84.569519043     37.953048706
    52.312679291     68.978591919    -29.186679840
    35.756008148     78.850769043    -13.230179787
    15.165459633     85.043151855    -29.225479126
    11.488490105     85.562553406    -10.743289948
     3.276097059     86.126502991    -29.687650681
    -2.698769093     90.838348389    -25.221700668
    -5.933835030     90.747566223    -26.084920883
    -9.117801666     90.541587830    -22.703350067
   -11.537529945     90.307167053    -35.180591583
   -15.328619957     89.803237915    -64.701240540
   -25.018659592     87.735092163    -18.932020187
   -10.256839752    -90.314666748     38.707019806
   -11.874409676    -90.143676758     22.687530518
   -16.483280182    -89.489326477     35.087871552
   -28.348609924    -86.623657227     30.061519623
   -33.481849670    -84.822921753     31.677150726
    11.798680305    -90.441467285    -19.676530838
    37.198440552    -83.501251221     -9.051670074
    68.280937195    -60.295749664    116.893096924
    44.605049133    -79.592033386      5.779079914
    28.764509201    -86.492668152     19.790409088
    19.589260101    -88.918083191     29.074869156
    18.688610077    -89.099906921     40.030948639
    56.593769073     71.564216614    -30.831729889
    38.081138611     82.930343628    -13.919389725
    14.948920250     89.810600281    -30.833719254
    11.647709846     90.250526428    -11.351050377
     3.470016956     90.798599243    -31.291910172
    -2.636471987     95.514099121    -26.596279144
    -5.916916847     95.428108215    -27.386350632
    -9.835460663     95.172508240    -23.846330643
   -11.784729958     94.983001709    -36.972118378
   -16.886499405     94.288513184    -67.991561890
   -26.883239746     92.069633484    -19.870189667
   -11.075679779    -94.931663513     40.680629730
   -11.635689735    -94.873703003     23.807020187
   -17.495500565    -94.059226990     36.952430725
   -28.771060944    -91.387382507     31.629880905
   -35.640609741    -88.999359131     33.254859924
    10.260600090    -95.304412842    -20.690759659
    21.403079987    -93.566116333     -8.552769661
    40.953781128    -86.926063538     -9.470499992
    75.417823792    -58.915180206    125.251197815
    47.128200531    -83.537086487      6.117219925
    29.810810089    -91.066566467     20.776060104
    20.840190887    -93.432609558     30.602809906
    19.980369568    -93.609619141     42.022529602
    61.091659546     73.924766541    -32.442249298
    40.454101563     86.985542297    -14.664919853
    14.730699539     94.568237305    -32.355369568
    11.795479774     94.938171387    -11.945670128
     3.709311962     95.469581604    -32.824268341
    -2.588615894    100.189598083    -27.769710541
    -5.950203896    100.106002808    -28.744850159
   -10.538020134     99.803710938    -25.090940475
   -12.124750137     99.648323059    -38.923110962
   -18.592189789     98.740913391    -71.406562805
   -28.806650162     96.382850647    -20.743740082
   -11.300760269    -99.607261658     24.946319580
   -11.929840088    -99.543617249     42.660068512
   -18.515779495    -98.627189636     38.768409729
   -29.079959869    -96.173439026     33.092731476
   -37.863468170    -93.147506714     34.910308838
     8.001147270   -100.174896240    -21.920589447
    22.130830765    -98.192146301     -8.886010170
    44.658138275    -90.330490112     -9.897660255
    49.654388428    -87.479568481      6.400219917
    30.833810806    -95.646080017     21.780689240
    22.057630539    -97.953369141     32.110061646
    21.232109070    -98.125953674     44.021060944
    65.758209229     76.084228516    -34.123359680
    42.830509186     91.036659241    -15.348050117
    14.379289627     99.334953308    -34.059688568
    11.894849777     99.629493713    -12.584710121
     3.972908020    100.139801025    -34.485748291
    -2.524194002    104.865196228    -29.065109253
    -5.906847000    104.786697388    -30.144779205
   -11.275349617    104.430801392    -26.280979156
   -12.421830177    104.317901611    -40.739219666
   -20.278869629    103.188003540    -74.749961853
   -30.745119095    100.686996460    -21.594589233
   -10.883259773   -104.341697693     25.986009598
   -12.723730087   -104.160598755     44.703281403
   -19.591110229   -103.184898376     40.579200745
   -29.178100586   -101.006797791     34.825958252
   -40.047729492    -97.308181763     36.414470673
     5.650390148   -104.980598450    -23.036439896
    22.901979446   -102.808197021     -9.313380241
    48.755290985    -93.492843628    -10.330679893
    52.265628815    -91.372787476      6.699930191
    31.803749084   -100.240303040     22.755529404
    23.365020752   -102.454002380     33.615749359
    22.605220795   -102.615898132     46.198078156
    70.543327332     78.074378967    -35.818889618
    45.249919891     95.065246582    -16.029270172
    13.916159630    104.105400085    -35.669471741
    11.879429817    104.330802917    -13.153240204
     4.261180878    104.809196472    -36.157169342
    -2.399480104    109.140998840    -30.340839386
    -5.790349007    109.069396973    -31.360330582
   -11.963520050    108.659896851    -27.353820801
   -12.547060013    108.602500916    -42.452911377
   -21.961910248    107.221199036    -77.911117554
   -32.676200867    104.571296692    -22.450349808
   -10.431229591   -108.670700073     27.078929901
   -13.566200256   -108.369003296     46.531368256
   -20.528560638   -107.360198975     42.157768250
   -29.262449265   -105.415100098     36.182441711
   -42.131610870   -101.075401306     37.959739685
     3.253397942   -109.323600769    -24.005409241
    23.545450211   -107.041900635     -9.681500435
    52.416549683    -96.384880066    -10.840649605
    54.636920929    -94.941253662      6.959380150
    32.623619080   -104.460197449     23.635789871
    24.536479950   -106.573898315     34.889728546
    23.802400589   -106.732498169     48.192161560
    74.989868164     79.769897461    -37.386760712
    47.516040802     98.721412659    -16.738979340
    13.374870300    108.471603394    -37.161899567
    11.982350349    108.616500854    -13.600950241
     4.485988140    109.079803467    -37.662059784
