   -27.628780365     28.757749557    -57.172039032
   -27.907880783     28.476280212    -24.089719772
   -18.222810745     35.782970428     11.711950302
   -15.801569939     36.892940521     37.730850220
    -9.881390572     38.777191162     13.751660347
    -2.354408979     39.676380157     15.750410080
   -35.774719238     17.212429047    -42.175628662
   -36.117710114     16.563079834    -69.623847961
   -36.387580872     16.028770447   -101.843200684
   -40.171260834      0.242857695     -2.376159906
   -37.209999084    -14.565489769    -57.713558197
   -20.159610748    -34.747478485    -73.006240845
     4.512897968    -39.494098663    -13.797869682
    12.774629593    -37.854179382    -11.819299698
    13.709170341    -37.539180756     -1.624819994
    15.042280197    -37.040271759    -10.339329720
    16.112880707    -36.595821381     -5.820429802
    27.823099136    -28.484939575    -50.937488556
   -29.162939072     33.729808807    -64.603370667
   -31.629089355     31.353439331    -26.963779449
   -20.505140305     39.867431641     13.015529633
   -18.053560257     41.016689301     42.192909241
   -13.529319763     42.652919769     13.167960167
    -2.472908974     44.350109100     17.672180176
   -40.165500641     18.912439346    -78.074913025
   -40.380718231     18.494829178    -47.190860748
   -41.003520966     17.214969635   -114.172302246
   -44.839019775      0.723703206     -2.784849882
   -41.626251221    -16.126539230    -64.728149414
   -22.060520172    -39.043701172    -81.430809021
     5.082851887    -44.137878418    -15.408009529
    14.142780304    -42.324958801    -12.988320351
    14.134929657    -42.327480316     -1.765140057
    16.843620300    -41.355010986    -11.451439857
    18.165349960    -40.800788879     -6.444580078
    32.491249084    -30.317789078    -62.126411438
   -29.966440201     39.134941101    -72.915039063
   -35.411499023     34.156368256    -29.730419159
   -22.888610840     43.898799896     14.445460320
   -20.350360870     45.115390778     46.595760345
   -16.812959671     46.506908417     12.554539680
    -2.551646948     49.024440765     19.493190765
   -44.181289673     21.319999695    -86.098480225
   -45.037128448     19.621740341    -52.329429626
   -45.672779083     18.233619690   -126.373802185
   -49.496829987      1.404139042     -3.052489996
   -46.065120697    -17.627979279    -71.482566833
   -23.885429382    -43.376010895    -89.811607361
     1.785544038    -48.961299896    -99.354606628
     5.668669224    -48.779499054    -17.012020111
    14.412859917    -47.130619049     -1.985229969
    15.534549713    -46.788120270    -14.170379639
    18.713569641    -45.642040253    -12.743610382
    18.973529816    -45.536418915     -7.068640232
    21.182470322    -44.562339783     -7.090680122
    36.684440613    -32.611480713    -72.187179565
     2.132294893     49.018661499     44.470390320
   -30.099279404     44.807449341    -81.065200806
   -39.267681122     36.869140625    -32.485569000
   -25.281419754     47.923561096     15.811169624
   -22.750900269     49.162220001     50.972961426
   -19.853599548     50.374340057     11.973219872
    -2.631134987     53.698780060     21.331850052
   -48.135219574     23.839719772    -94.241203308
   -49.735420227     20.603479385    -57.202808380
   -54.146060944      2.142057896     -3.349760056
   -50.499309540    -19.135580063    -78.283699036
   -25.594560623    -47.764301300    -98.693420410
     4.244636059    -53.566680908   -109.672096252
     6.270740986    -53.418968201    -18.713340759
    14.504859924    -51.956871033     -2.069720030
    16.897209167    -51.260520935    -15.242679596
    20.592159271    -49.925140381    -13.862130165
    20.355510712    -50.020530701     -7.746319771
    23.649580002    -48.564128876     -7.790460110
    40.411460876    -35.442260742    -82.029296875
     2.606865883     53.687938690     48.687839508
   -29.229709625     50.848739624    -90.099708557
   -43.236370087     39.444641113    -35.291801453
   -27.726379395     51.919219971     17.239139557
   -25.177579880     53.191181183     55.407440186
   -22.809799194     54.230598450     11.431509972
    -2.604846001     58.374721527     23.197940826
   -52.019519806     26.481389999   -102.876098633
   -54.501739502     21.370889664    -62.229679108
   -58.781280518      3.030247927     -3.667360067
   -54.956531525    -20.581579208    -84.989700317
   -27.172929764    -52.213340759   -107.131599426
     6.892269135    -58.055988312    -20.248289108
     7.381044865    -58.006580353   -120.527000427
    14.189499855    -56.853351593     -2.309880018
    18.213020325    -55.747669220    -16.312860489
    21.626670837    -54.544818878     -8.332369804
    22.462839127    -54.211120605    -15.107219696
    26.218189240    -52.510471344     -8.459580421
    43.847850800    -38.620479584    -91.867218018
     3.155790091     58.352249146     52.673118591
   -27.521799088     57.009880066    -99.242858887
   -47.236690521     41.969890594    -38.133678436
   -30.174579620     55.911468506     18.518909454
   -27.728979111     57.155521393     59.844608307
   -25.582799911     58.134498596     10.804730415
    -2.566042900     63.050659180     25.038059235
   -55.869461060     29.177080154   -110.653503418
   -59.296680450     22.001390457    -67.265541077
   -63.403068542      4.011397839     -3.982939959
   -59.419700623    -22.007730484    -92.032691956
   -28.664550781    -56.697639465   -115.880599976
     7.416263103    -62.702079773    -21.984830856
    10.936459541    -62.251930237   -131.212707520
    13.763339996    -61.735099792     -2.413089991
    19.540210724    -60.231071472    -17.528469086
    22.744930267    -59.123020172     -9.040949821
    24.373420715    -58.480438232    -16.238870621
    28.847990036    -56.419639587     -9.124890327
    46.830211639    -42.327350616   -101.965499878
     3.808600903     63.009700775     57.069328308
   -24.342950821     63.421871185   -109.845100403
   -51.394008636     44.295291901    -41.046939850
   -32.705299377     59.857479095     19.825040817
   -30.359130859     61.074710846     64.286331177
   -28.202699661     62.088989258     10.235730171
    -2.513921022     67.726608276     26.936870575
   -59.677570343     31.938610077   -119.253097534
   -64.133346558     22.453279495    -72.223846436
   -68.010093689      5.085578918     -4.291890144
   -63.896800995    -23.393629074    -98.786987305
   -30.112060547    -61.195098877   -124.565902710
     8.122721672    -67.329788208    -23.538160324
    12.967650414    -66.650169373     -2.511250019
    20.896589279    -64.705223083    -18.649179459
    23.747270584    -63.737861633     -9.758899689
    26.276250839    -62.752609253    -17.354709625
    31.593349457    -60.262310028     -9.753919601
    49.425449371    -46.447311401   -112.125297546
     4.509671211     67.661033630     61.443199158
   -19.960939407     69.731407166   -120.980003357
   -55.593841553     46.549259186    -43.835651398
   -35.271701813     63.781818390     21.328649521
   -33.048450470     64.957168579     68.711570740
   -30.679580688     66.098991394      9.678819656
    -2.411802053     72.402816772     28.811029434
   -69.022796631     22.679000854    -77.548721313
   -72.596450806      6.300512791     -4.705200195
   -68.364227295    -24.800390244   -105.503402710
   -31.729600906    -65.604431152   -132.207199097
     8.738776207    -71.966079712    -25.113769531
    11.933670044    -71.558799744     -2.690289974
    22.147890091    -69.212112427    -19.846519470
    24.676229477    -68.371871948    -10.377730370
    28.238389969    -66.999801636    -18.704530716
    34.395038605    -64.067337036    -10.400469780
    51.488529205    -51.087909698   -122.568496704
     2.338529110     72.392753601     48.922279358
     5.225829124     72.307693481     65.637908936
   -59.863830566     48.695648193    -46.720409393
   -37.862129211     67.690711975     22.700910568
   -35.876789093     68.760757446     73.326103210
   -32.992721558     70.180076599      9.161399841
    -2.284578085     77.078910828     30.598550797
    -1.902516961     77.080368042     43.404281616
   -73.932167053     22.752439499    -82.652862549
   -77.164970398      7.600774765     -4.912640095
   -72.865768433    -26.113359451   -112.125396729
     9.426960945    -76.594459534    -26.882030487
    10.632439613    -76.455787659     -2.805680037
    23.445539474    -73.704353333    -20.921190262
    25.486040115    -73.039840698    -11.081990242
    30.214269638    -71.240753174    -19.852809906
    37.351020813    -67.780006409    -11.117270470
    53.325920105    -55.875938416   -132.038696289
     3.039288998     77.058952332     51.798061371
     6.057195187     76.944328308     69.985382080
   -64.193420410     50.743900299    -49.696510315
   -40.496818542     71.572616577     24.029579163
   -38.655788422     72.581748962     77.393028259
   -35.191638947     74.312767029      8.546210289
    -1.986835003     81.755233765     45.967369080
    -2.089766979     81.754928589     32.545600891
   -78.845397949     22.715019226    -87.616737366
   -81.713623047      8.993610382     -5.213860035
   -77.381103516    -27.384130478   -119.243301392
     8.969264030    -81.338966370     -3.040240049
    10.074620247    -81.226730347    -28.409429550
    24.706840515    -78.207672119    -22.069740295
    26.132400513    -77.753852844    -11.747690201
    32.183250427    -75.484123230    -21.053319931
    40.457149506    -71.397666931    -11.757840157
     3.900489092     81.715713501     55.129089355
     6.924490929     81.574340820     74.300102234
   -68.608062744     52.656429291    -52.536270142
   -43.179061890     75.425193787     25.415279388
   -41.609050751     76.301788330     82.044433594
   -37.280868530     78.496437073      7.976970196
    -2.345232964     86.428710938     48.647171021
    -1.857395053     86.430397034     34.320369720
   -83.795936584     22.445480347    -92.690727234
   -86.230522156     10.560179710     -5.547029972
   -81.900093079    -28.639739990   -126.010002136
     5.322183132    -86.277801514   -132.016296387
     7.018720150    -86.184196472     -3.139019966
    10.701390266    -85.861053467    -30.067890167
    25.920980453    -82.725250244    -23.262180328
    26.731760025    -82.472877502    -12.411430359
    34.149410248    -79.728363037    -22.269790649
    43.577659607    -74.994689941    -12.453390121
     4.802615166     86.364112854     58.244491577
     7.804921150     86.199386597     78.319717407
   -73.126647949     54.400379181    -55.499549866
   -45.898269653     79.253959656     26.840330124
   -44.615608215     79.982986450     86.532577515
   -39.230518341     82.745742798      7.515500069
    -2.778750896     91.100097656     51.383281708
    -2.032294989     91.105163574     43.534751892
    -1.867874026     91.105400085     36.346488953
   -88.759811401     22.002439499    -98.015670776
   -90.716552734     12.263310432     -5.853000164
   -86.446212769    -29.814889908   -132.001998901
     5.459160805    -90.951332092   -131.230895996
     5.082311153    -90.967163086     -3.269099951
    11.395990372    -90.487632751    -31.696630478
    27.179960251    -87.228866577    -24.433580399
    27.169870377    -87.231941223    -13.033749580
    36.175449371    -83.946701050    -23.464010239
    46.839118958    -78.496406555    -13.087490082
     5.729002953     91.004959106     61.365341187
     8.802779198     90.811523438     82.703262329
   -77.724983215     56.000381470    -58.477901459
   -48.636779785     83.068916321     28.152410507
   -47.662708282     83.631942749     90.918251038
   -41.043190002     87.059219360      6.949480057
   -21.784639359     93.600776672     57.851978302
    -3.230166912     95.769546509     54.052120209
    -2.565352917     95.777351379     45.725730896
   -93.755508423     21.288520813   -103.304603577
   -95.194076538     13.938690186     -6.129590034
     2.522716999    -95.706977844     -3.486500025
     6.293207169    -95.591957092   -130.361297607
    12.073149681    -95.115829468    -33.375240326
    27.540779114    -91.999572754    -13.633749962
    28.440740585    -91.731811523    -25.572309494
    38.215461731    -88.158500671    -24.631280899
    50.190620422    -81.929443359    -13.772509575
     2.535559893     95.766921997     39.829818726
     6.840746880     95.629936218     64.609359741
     9.805563927     95.418716431     86.998191833
   -82.244728088     57.682090759    -61.286159515
   -51.429821014     86.849243164     29.562530518
   -50.770660400     87.236640930     95.381851196
   -42.746948242     91.422882080      6.359809875
   -22.845220566     98.154190063     60.597511292
    -3.675266027    100.437599182     56.773708344
    -3.218135118    100.445297241     47.914611816
    -1.900104046    100.455398560     23.306440353
   -98.745956421     20.423950195   -108.679199219
   -99.624359131     15.836600304     -6.481639862
     7.703123093   -100.194099426   -129.517593384
    12.800780296    -99.737960815    -35.045730591
    27.711879730    -96.812316895    -14.388270378
    29.641090393    -96.252861023    -26.693840027
    40.242511749    -92.375411987    -25.915250778
    53.617969513    -85.300376892    -14.448789597
     3.111475945    100.435699463     41.754711151
     7.978765965    100.245300293     67.720291138
    10.920709610    100.011497498     91.303016663
   -86.958770752     59.045478821    -64.282051086
   -54.060649872     90.723838806    100.034797668
   -54.256618500     90.606590271     30.981700897
   -44.376430511     95.819763184      5.815499783
   -23.990440369    102.688796997     63.195838928
    -4.201067924    105.102401733     59.382949829
    -3.848407030    105.110099792     50.174621582
    -2.749506950    105.126098633     23.823930740
  -103.732299805     19.387119293   -113.927001953
  -104.027496338     17.809839249     -6.738880157
    -3.556660891   -105.040000916     -3.788729906
    10.118080139   -104.704002380   -128.601806641
    13.502849579   -104.362701416    -36.628108978
    27.790100098   -101.636299133    -15.058210373
    30.853750229   -100.769996643    -27.844089508
    42.293949127    -96.581321716    -27.114559174
    57.188541412    -88.563606262    -15.150890350
     3.740894079    105.100700378     43.806529999
     9.259886742    104.842903137     70.999023438
    12.035440445    104.599502563     95.494689941
   -91.335868835     60.154560089    -67.048637390
   -57.006759644     93.939758301    103.823699951
   -56.903259277     94.002616882     32.210788727
   -45.635520935     99.944183350      5.329959869
   -24.919410706    106.861602783     65.900657654
    -4.689918041    109.366401672     61.888339996
    -4.565680981    109.369697571     52.282009125
    -3.552524090    109.391197205     24.326419830
  -108.020301819     19.727989197     -7.088129997
  -108.305603027     18.167930603   -118.877296448
    -6.721289158   -109.221099854     -4.002490044
    13.003000259   -108.721298218   -127.695198059
    14.187199593   -108.586502075    -38.079730988
    27.676769257   -106.082397461    -15.709790230
    31.921279907   -104.912803650    -28.845790863
    44.220981598   -100.404602051    -28.197399139
    60.530471802    -91.481163025    -15.749429703
    66.820388794    -86.945281982    -43.810611725
    72.053291321    -82.597190857    -42.744190216
    75.239051819    -79.654518127    -42.088821411
     4.355619907    109.363197327     45.521358490
    10.355569839    109.045700073     73.786430359
    13.128339767    108.783500671     99.543663025
