    -7.990427017     39.153648376     15.982150078
   -37.144958496     14.398289680     -0.794770002
   -38.930381775     -9.603441238    -27.497690201
   -36.221260071    -16.102239609     14.661999702
   -36.280441284    -15.982879639      5.058229923
   -39.767341614     -4.355360985      5.631559849
   -29.403280258    -26.703750610     15.975119591
   -33.138389587    -21.547439575     20.014209747
   -33.271659851    -21.323059082     16.316120148
    37.129718781     13.842180252    -13.741620064
    35.360668182     17.523599625    -17.853849411
    30.494899750     25.303379059    -28.898750305
    28.085670471     28.436279297     53.059738159
    -9.208728790     43.685539246     17.919059753
   -41.173000336     16.846059799     -0.964550018
   -43.676868439     -9.911222458    -30.772510529
   -40.467849731    -18.061660767     16.386949539
   -40.690528870    -17.603590012      5.631209850
   -44.429771423     -4.743223190      6.241779804
   -32.685989380    -30.051429749     17.796449661
   -37.114891052    -24.006490707     22.645820618
   -37.078781128    -24.066459656     18.328060150
    41.435508728     15.663479805    -15.405699730
    39.538490295     19.627979279    -20.068450928
    34.287471771     28.041439056    -32.275848389
    28.668390274     34.322528839     61.161491394
   -10.545120239     48.190971375     19.760070801
    -6.550951004     48.784820557    126.906196594
   -45.120429993     19.446599960     -1.041059971
   -48.453079224    -10.008199692    -34.210571289
   -44.659210205    -20.132429123     18.115730286
   -45.131858826    -19.145849228      6.310160160
   -49.096790314     -5.085162163      6.839680195
   -35.924709320    -33.443950653     19.661479950
   -41.092498779    -26.463550568     25.211009979
   -40.852901459    -26.856609344     20.234119415
    45.672721863     17.648920059    -17.069059372
    43.732688904     21.700849533    -22.171680450
    38.123619080     30.721630096    -35.908550262
    27.137180328     41.346370697     71.000572205
   -11.944479942     52.678928375     21.715839386
   -48.992298126     22.179040909     -1.104889989
   -53.244491577     -9.930774689    -37.461849213
   -48.880428314    -22.142639160     19.778749466
   -49.573589325    -20.675340652      6.916160107
   -53.768318176     -5.378938198      7.497280121
   -39.079521179    -36.924098969     21.637470245
   -45.484058380    -28.222690582     27.879449844
   -44.575889587    -29.721660614     22.116910934
    49.937271118     19.567739487    -18.495130539
    47.888031006     23.844709396    -24.225379944
    41.961891174     33.397579193    -39.348270416
     2.961980104     53.680618286    111.751296997
    20.696599960     50.005939484     85.842033386
   -13.331049919     57.165088654     23.449079514
   -52.788028717     25.036430359     -1.161129951
   -58.034660339     -9.745390892    -40.670959473
   -53.062690735    -24.231899261     21.572969437
   -54.057621002    -22.099599838      7.512020111
   -58.449108124     -5.575636864      8.163889885
   -42.269229889    -40.361160278     23.537860870
   -48.272159576    -32.621170044     24.032350540
   -48.771888733    -31.828210831     29.550819397
   -49.444221497    -30.711780548     30.992979050
    54.144958496     21.619329453    -20.192249298
    52.101089478     25.880380630    -26.440900803
    45.893379211     35.948108673    -42.656600952
   -14.883399963     61.611118317     25.496330261
   -56.430969238     28.154800415     -1.281010032
   -62.863159180     -9.191957474    -44.092700958
   -57.255329132    -26.300109863     23.261980057
   -58.549060822    -23.494850159      8.196410179
   -63.123291016     -5.822754860      8.772100449
   -45.317070007    -43.945468903     25.277269363
   -51.951759338    -35.539699554     26.059299469
   -52.631778717    -34.474288940     31.838109970
   -53.554931641    -32.943260193     33.532108307
    58.322189331     23.738759995    -21.827800751
    56.261318207     28.014240265    -28.340549469
    55.475349426     29.444669724    -22.098360062
    49.792568207     38.539279938    -45.987670898
   -16.429519653     66.053482056     27.395610809
   -60.036991119     31.303159714     -1.430109978
   -67.666481018     -8.620451927    -47.295860291
   -61.426418304    -28.411979675     25.027349472
   -63.094348907    -24.751300812      8.819230080
   -67.802680969     -6.007318020      9.535639763
   -48.458019257    -47.426418304     27.274709702
   -55.556549072    -38.565208435     27.898630142
   -56.501949310    -37.102661133     34.119678497
   -57.672870636    -35.161598206     36.384178162
    62.495929718     25.862829208    -23.545999527
    60.484359741     30.029249191    -30.821399689
    59.603199005     31.642620087    -23.797349930
    53.763881683     41.030540466    -49.362590790
   -18.083639145     70.465820313     29.322610855
   -63.686061859     34.346099854     -1.457180023
   -72.476699829     -7.788828850    -50.695278168
   -65.575187683    -30.568830490     26.804069519
   -67.621009827    -26.038690567      9.398030281
   -72.484138489     -6.157609940     10.099740028
   -51.404121399    -51.105491638     29.141609192
   -59.143249512    -41.609870911     29.894680023
   -60.408569336    -39.672359467     36.447399139
   -61.681221008    -37.568611145     38.808979034
    66.640266418     28.050329208    -25.135229111
    64.596481323     32.253669739    -32.655841827
    63.749259949     33.807769775    -25.437410355
    57.817710876     43.404708862    -52.792510986
   -19.777399063     74.863372803     31.131090164
   -77.272232056     -6.824750900    -53.974178314
   -69.722969055    -32.727428436     28.393419266
   -72.183082581    -27.226900101      9.970330238
   -77.163673401     -6.316978931     10.813699722
   -54.345439911    -54.782489777     31.117090225
   -62.687488556    -44.709629059     31.833030701
   -64.301933289    -42.262828827     38.843811035
    71.245353699     29.189420700    -29.873010635
    70.751319885     30.308229446    -26.840789795
    68.809036255     34.287708282    -34.769348145
    67.926452637     35.916591644    -27.100370407
    61.825698853     45.838130951    -56.167839050
   -21.530649185     79.240882874     33.038288116
   -82.057991028     -5.626738071    -57.365760803
   -73.859466553    -34.908401489     30.132560730
   -76.787292480    -28.294010162     10.601739883
   -81.857238770     -6.298283100     11.446519852
   -57.311988831    -58.428649902     32.919818878
   -66.206222534    -47.838848114     33.832160950
   -68.197219849    -44.849910736     41.180881500
    75.547409058     31.019300461    -31.595569611
    74.852867126     32.582500458    -28.370769501
    73.139106750     36.095470428    -37.326808929
    72.094200134     38.041328430    -28.796310425
    65.955078125     48.096611023    -59.770938873
   -73.370872498     45.524639130     -1.726410031
   -23.396139145     83.583633423     35.002391815
   -86.823860168     -4.230185986    -60.803169250
   -78.004440308    -37.072139740     31.894399643
   -81.388290405    -29.353319168     11.312000275
   -86.541946411     -6.366106033     12.134900093
   -60.152439117    -62.194889069     34.844768524
   -69.701553345    -50.994480133     35.667518616
   -72.102546692    -47.420959473     43.567638397
    80.257469177     31.885929108    -33.997669220
    79.538917542     33.560581207    -33.038600922
    78.918601990     34.930118561    -30.080259323
    77.323760986     38.181091309    -39.480258942
    76.256477356     40.175281525    -30.380270004
    70.052253723     50.395221710    -63.128841400
   -76.421417236     49.500251770     -1.878749967
   -25.250410080     87.923759460     36.869159698
   -91.565826416     -2.554902077    -64.325752258
   -82.106773376    -39.320678711     33.672691345
   -85.987937927    -30.402000427     11.904500008
   -91.230216980     -6.371922970     12.773670197
   -62.996131897    -65.951683044     36.716789246
   -73.121772766    -54.248111725     37.712558746
   -75.975517273    -50.042720795     46.009189606
    84.718467712     33.332031250    -35.929771423
    83.637008667     35.850139618    -34.616291046
    82.973937988     37.294898987    -31.577550888
    81.737518311     39.820190430    -41.996910095
    81.014953613     41.207458496    -40.453861237
    80.437927246     42.273830414    -32.014888763
    77.759132385     46.978511810    -57.821670532
    74.218017578     52.589538574    -66.588050842
   -79.414337158     53.499881744     -1.950199962
   -27.218750000     92.226722717     38.691959381
   -96.271636963     -0.742640197    -67.688743591
   -86.213729858    -41.559310913     35.321659088
   -90.615333557    -31.361490250     12.500820160
   -95.918296814     -6.361382008     13.356929779
   -65.758049011    -69.781463623     38.719589233
   -76.513481140    -57.532829285     39.695751190
   -79.847427368    -52.665740967     48.226310730
    89.196037292     34.733371735    -37.924251556
    87.750442505     38.101089478    -36.229461670
    86.995086670     39.726890564    -33.169849396
    86.001419067     41.748828888    -44.386051178
    85.133598328     43.419380188    -42.696678162
    84.614372253     44.380809784    -33.567539215
    81.727256775     49.454750061    -60.663398743
    78.430282593     54.709041595    -70.102767944
   -29.219060898     96.514579773     40.655139923
  -100.938400269      1.241425991    -71.181831360
   -90.318649292    -43.801441193     37.002208710
   -95.287567139    -32.179328918     13.087039948
  -100.607498169     -6.315526962     14.110919952
   -68.490913391    -73.632408142     40.453449249
   -79.897232056    -60.820709229     41.715038300
   -83.710479736    -55.302310944     50.638969421
    93.684158325     36.104148865    -39.883281708
    91.882621765     40.307819366    -37.825298309
    90.980323792     42.227909088    -34.914928436
    90.237136841     43.732330322    -46.296268463
    89.224411011     45.683528900    -44.747531891
    88.801902771     46.466911316    -35.290660858
    85.570426941     52.143978119    -63.726478577
    82.657989502     56.798301697    -73.430831909
   -84.814178467     62.169460297     -2.241499901
   -31.326650620    100.764602661     42.510738373
  -105.559402466      3.454062939    -74.744850159
   -94.393180847    -46.102809906     38.789730072
   -99.956680298    -32.986881256     13.781809807
  -105.296401978     -6.252802849     14.760190010
   -71.161529541    -77.535186768     42.452960968
   -83.231529236    -64.167663574     43.530471802
   -87.611228943    -57.879840851     52.991550446
    98.182563782     37.444511414    -41.865428925
    95.975257874     42.598258972    -39.452369690
    94.938720703     44.777400970    -36.605709076
    94.489021301     45.683250427    -48.656890869
    93.325202942     47.928909302    -46.792610168
    92.984832764     48.560791016    -36.937061310
    89.367668152     54.907878876    -66.716003418
    86.941757202     58.795310974    -76.995246887
   -87.119720459     66.264739990     -2.318629980
   -33.258010864    104.644096375     44.286010742
  -109.738098145      5.675859928    -77.938270569
   -98.116043091    -48.212459564     40.354190826
  -104.238700867    -33.673198700     14.297240257
  -109.588500977     -6.103291988     15.337590218
   -73.534667969    -81.161560059     44.153091431
   -86.209632874    -67.314773560     45.377861023
   -91.145866394    -60.287078857     55.193580627
   102.289901733     38.681900024    -43.591201782
    99.704963684     44.717418671    -40.802070618
    98.388221741     47.444538116    -50.527748108
    98.545547485     47.128921509    -38.024379730
    97.094039917     49.946670532    -48.814548492
    96.819892883     50.456569672    -38.393230438
    92.817588806     57.469528198    -69.449798584
    90.880210876     60.581359863    -80.088996887
