    -5.921804905     39.189651489    -84.429962158
   -31.597440720     24.276880264     12.385160446
   -14.771419525     37.302200317     21.247079849
    -5.974544048     39.442249298     24.477590561
   -35.501449585    -18.025850296    -75.740982056
   -17.101409912    -36.318500519    -19.200689316
    -6.225561142    -39.353500366    -14.639829636
    -5.062816143    -39.471141815     -9.582329750
    -3.168677092    -39.582679749    -13.446559906
    37.249988556    -13.694990158     93.606781006
    14.210599899     37.175498962     -5.050290108
    13.637029648     37.379631042     -7.828199863
     2.878211021     39.652679443     13.281450272
     6.946787834     39.297599792      2.523570061
     8.786012650     38.984558105     11.044759750
    10.738140106     38.544818878     17.895839691
    11.943160057     38.216388702      4.856830120
    17.695449829     36.000221252     15.372659683
    29.804449081     26.512639999     39.538120270
    -5.765085220     43.905918121    -85.062271118
   -34.934459686     27.639879227     13.888030052
   -16.772180557     41.541400909     23.778829575
    -6.961491108     44.032100677     27.354839325
   -19.310590744    -40.448158264    -21.422380447
    -7.314802170    -43.929069519    -16.121200562
    -5.613094807    -44.115928650    -10.717309952
    -3.301949024    -44.255828857    -14.883440018
    43.506221771     -9.503680229     85.778373718
    16.465209961     41.322788239     -5.563129902
    14.138449669     42.138500214     -8.741200447
     3.100845098     44.322940826     14.853460312
     5.664052963     44.158279419      1.673390031
     9.896327019     43.530200958     12.293129921
    12.234530449     42.986518860     20.151689529
    12.831359863     42.824459076      5.386479855
    19.807760239     40.171428680     17.065450668
    36.873020172     24.649059296     46.615211487
    -6.075359821     48.572360992    -85.711563110
   -38.149841309     31.140459061     15.392979622
   -18.832420349     45.754100800     26.282730103
    -7.956274033     48.616821289     30.269899368
   -21.604799271    -44.535739899    -23.742679596
    -8.901180267    -48.425529480    -17.489309311
    -7.448447227    -48.623958588    -18.014379501
    -6.065926075    -48.769100189    -11.873640060
    -3.311029911    -48.932750702    -16.572269440
    46.650581360     15.602780342     59.687110901
    47.680728912     12.345859528     63.004268646
    48.814170837      7.019045830     68.362693787
    49.286659241      2.163094044     73.071342468
    18.924879074     45.377410889     -6.225140095
    14.240489960     46.989330292     -9.778089523
     3.207237005     48.996948242     16.289539337
     3.677788973     48.979499817      0.763530016
    10.280179977     48.218688965     13.087450027
    11.810179710     47.901679993     14.309300423
    13.767100334     47.415859222     22.364629745
    13.626339912     47.453868866      5.970580101
    21.957529068     44.324131012     18.850919724
    -6.660079956     53.212989807    -86.331756592
   -41.374820709     34.605518341     16.850940704
   -20.989830017     49.924140930     28.782869339
    -9.060135841     53.182781219     33.017730713
   -23.965400696    -48.588718414    -25.910610199
    -9.630804062    -53.043300629    -19.221540451
    -8.236655235    -53.237308502    -19.795560837
    -6.519714832    -53.422149658    -12.979789734
    -3.302738905    -53.609790802    -18.145389557
    21.408779144     49.408130646     -6.731269836
    14.218359947     51.837680817    -10.715820313
     3.403388023     53.668048859     17.895610809
    11.190259933     52.804409027     14.130160332
    12.993729591     52.426979065     15.688289642
    14.258219719     52.121009827      6.509039879
    15.451210022     51.800441742     24.549520493
    24.105590820     48.477451324     20.541700363
    -7.536851883     57.823760986    -86.925559998
   -44.408470154     38.288219452     18.403009415
   -23.149829865     54.089408875     31.149179459
   -10.216699600     57.736778259     35.981258392
   -26.318090439    -52.642700195    -28.215759277
   -10.276280403    -57.673931122    -20.926769257
    -8.987296104    -57.854591370    -21.566120148
    -6.998351097    -58.072910309    -14.100239754
    -3.264306068    -58.287189484    -19.701559067
    24.042539597     53.361629486     -7.323480129
    13.808210373     56.744148254    -11.736049652
     3.524924994     58.341571808     19.481300354
    12.255120277     57.360309601     15.423020363
    14.162150383     56.955348969     17.043739319
    14.751420021     56.815891266      7.080180168
    17.142480850     56.179069519     26.817239761
    26.258779526     52.628051758     22.362440109
    -8.673786163     62.402370453    -87.483482361
   -47.434638977     41.956249237     19.743270874
   -25.449739456     58.191871643     33.720539093
   -11.374460220     62.286838531     38.764919281
   -55.909328461    -29.423690796    -72.712310791
   -28.739549637    -56.660221100    -30.475950241
   -10.977330208    -62.296070099    -22.603130341
    -9.777483940    -62.466228485    -23.221059799
    -7.424745083    -62.728420258    -15.219519615
    -3.117655993    -62.966369629    -21.239980698
    26.841360092     57.225959778     -7.924429893
    13.177920341     61.653469086    -12.664019585
     3.716440916     63.012809753     21.111759186
    13.291640282     61.921211243     16.669960022
    15.128680229     61.530120850      7.635439873
    15.415060043     61.463699341     18.334730148
    18.940460205     60.522708893     29.169269562
    28.408990860     56.779979706     24.248060226
   -10.172120094     66.928779602    -88.126152039
   -50.262058258     45.833290100     21.301580429
   -27.712270737     62.306259155     36.169338226
   -12.656000137     66.812988281     41.662368774
   -60.422191620    -30.920610428    -72.121116638
   -31.287759781    -60.610729218    -32.777481079
   -11.217650414    -66.986602783    -24.573049545
    -7.829382896    -67.385940552    -16.333940506
    -2.931618929    -67.645202637    -22.856779099
    29.718849182     61.036758423     -8.498379707
    12.259229660     66.569816589    -13.659290314
     3.763349056     67.688713074     22.641370773
    14.384499550     66.470550537     17.821300507
    15.403840065     66.258453369      8.177700043
    16.586160660     65.990798950     19.718360901
    20.827760696     64.834838867     31.400310516
    30.593229294     60.914821625     26.024759293
   -12.048669815     71.387100220    -88.747810364
   -53.108860016     49.663799286     22.801229477
   -30.154470444     66.337272644     38.737018585
   -14.048270226     71.315338135     44.725578308
   -65.103027344    -32.072959900    -71.488410950
   -33.825370789    -64.562751770    -34.970130920
   -11.925709724    -71.607818604    -26.275930405
    -8.281956673    -72.039047241    -17.583730698
    -2.693876028    -72.323577881    -24.420459747
    32.656921387     64.802017212     -9.130140305
    11.081950188     71.476043701    -14.592920303
     3.794729948     72.364921570     24.160039902
    15.418749809     71.031219482     19.109630585
    15.538840294     71.006896973      8.784740448
    17.879959106     70.488456726     21.085950851
    22.706609726     69.145088196     33.717769623
    32.824340820     65.025909424     27.758010864
   -14.175869942     75.782333374    -89.366653442
   -55.804500580     53.638229370     24.231399536
   -32.514228821     70.400711060     41.163558960
   -15.354419708     75.828933716     47.464359283
   -69.847908020    -33.054950714    -70.829513550
   -36.388641357    -68.498191833    -37.232959747
   -12.560709953    -76.239631653    -28.077209473
    -8.672116280    -76.697883606    -18.624929428
    -2.453777075    -77.000770569    -25.989749908
    35.827919006     68.431953430     -9.692179680
     9.496734619     76.377738953    -15.645420074
     3.881519079     77.039390564     25.620410919
    15.617819786     75.756317139      9.231349945
    16.444379807     75.593437195     20.309299469
    19.131330490     74.995742798     22.490129471
    24.631610870     73.436729431     35.869670868
    35.061889648     69.133422852     29.540430069
   -16.668300629     80.082580566    -89.940803528
   -58.317859650     57.779750824     25.946939468
   -35.017269135     74.394340515     43.650009155
   -16.797779083     80.313079834     50.303798676
   -74.792938232    -33.566200256    -70.222572327
   -39.008831024    -72.400306702    -39.365211487
   -13.421139717    -80.838562012    -29.677160263
    -9.044404030    -81.358299255    -19.746049881
    39.047618866     72.015663147    -10.270389557
     7.667719841     81.238662720    -16.716140747
     3.840007067     81.717338562     27.231889725
    15.473159790     80.536582947      9.828289986
    17.517539978     80.145797729     21.467199326
    20.369459152     79.505912781     23.809139252
    26.724079132     77.668823242     38.127368927
    37.221500397     73.280082703     31.272890091
   -19.552099228     84.263671875    -90.681632996
   -60.936828613     61.787448883     27.248970032
   -37.578090668     78.355743408     46.115070343
   -18.326349258     84.775939941     53.259750366
   -79.815742493    -33.817668915    -69.539001465
   -41.737190247    -76.240509033    -41.736171722
   -14.160059929    -85.455139160    -31.295160294
    -9.422984123    -86.018127441    -20.881429672
    42.296310425     75.564559937    -10.843669891
     5.556687832     86.051658630    -17.676740646
     3.799930096     86.394912720     28.742849350
    15.321789742     85.305610657     10.391139984
    18.608499527     84.694236755     22.671800613
    21.633680344     84.009429932     25.133890152
    28.836200714     81.888648987     40.592948914
    39.500099182     77.366287231     32.979839325
   -22.550409317     88.371009827    -91.281066895
   -63.270698547     66.058082581     28.907060623
   -40.152519226     82.305580139     48.618110657
   -19.890979767     89.226608276     56.222370148
   -87.959556580     24.874420166   -131.000900269
   -85.007316589    -33.559631348    -68.823951721
   -44.411479950    -80.106170654    -43.944671631
   -14.876740456    -90.074996948    -33.186561584
    -9.764407158    -90.681259155    -22.047100067
    45.866279602     78.910690308    -11.528719902
     3.051561117     90.806083679    -18.757869720
     3.748369932     91.072456360     30.264890671
    14.962309837     90.096046448     10.949469566
    19.690700531     89.244247437     23.925939560
    22.952030182     88.499237061     26.479940414
    31.001050949     86.084922791     42.773349762
    41.781681061     81.450538635     34.803428650
   -26.335380554     92.221656799    -92.074241638
   -65.550033569     70.353248596     30.450519562
   -42.814128876     86.207901001     51.179611206
   -28.045770645     91.986579895     70.595138550
   -21.464429855     93.670921326     58.981410980
    -3.109806061     95.771316528     75.976432800
   -93.261909485     23.264980316   -129.214202881
   -90.154663086    -33.261180878    -68.222290039
   -47.163539886    -83.925422668    -46.086738586
   -15.689350128    -94.680511475    -34.602661133
   -10.091179848    -95.345596313    -23.076049805
    49.403858185     82.250022888    -12.129790306
     3.648489952     95.750717163     31.932750702
    14.466529846     94.892158508     11.555100441
    20.765480042     93.795608521     25.238920212
    24.217140198     93.001922607     27.778970718
    33.309101105     90.224357605     44.975719452
    44.043159485     85.544723511     36.711120605
    -3.023406982    100.185401917    -20.981000900
   -30.335790634     95.928222656    -92.767433167
   -67.804939270     74.645957947     31.957630157
   -45.534500122     90.075439453     53.691898346
   -35.848628998     94.306236267     68.862121582
   -27.049339294     97.124488831    115.059600830
   -23.179399490     98.079566956     62.023391724
    -3.036247015    100.447700500    119.149398804
   -98.279228210     22.472560883   -127.530502319
   -95.460609436    -32.369850159    -67.443382263
   -50.056060791    -87.661361694    -48.506660461
   -16.389640808    -99.302757263    -36.278198242
   -10.444939613   -100.007499695    -24.194810867
    53.121330261     85.455657959    -12.687899590
     3.901217937    100.421401978     77.699897766
     3.583189964    100.427902222     33.385940552
    13.859020233     99.687942505     12.127730370
    21.857149124     98.343246460     26.368629456
    25.545120239     97.488578796     29.257810593
    35.616798401     94.357269287     47.271980286
    46.293720245     89.644309998     38.439659119
    -6.598431110    104.756797791    -22.153699875
   -34.848880768     99.379348755    -93.545738220
   -69.896919250     79.063278198     33.491878510
   -48.292129517     93.918373108     56.143241882
   -41.409469604     97.126258850     67.559608459
   -34.351589203     99.797996521    113.864898682
   -24.928800583    102.474899292     64.767486572
  -103.065902710     22.533720016   -126.011497498
  -100.760902405    -31.268749237    -66.857009888
   -52.978199005    -91.374877930    -50.816848755
   -17.114879608   -103.921302795    -38.114459991
   -10.690710068   -104.678703308    -25.320369720
    56.898880005     88.596496582    -13.355389595
     3.031405926    105.112197876    120.509300232
     3.461596966    105.105796814     35.004081726
     8.675147057    104.884399414     79.109016418
    13.183939934    104.476402283     12.664560318
    22.974380493    102.885299683     27.627119064
    26.839210510    101.983398438     30.591520309
    37.988109589     98.460227966     49.416240692
    48.596008301     93.716957092     40.201198578
   -10.110500336    108.820800781    -23.181549072
   -39.022979736    102.426002502    -94.193161011
   -71.687683105     83.187301636     34.819339752
   -50.894229889     97.385818481     58.531978607
   -45.375068665    100.061698914     66.515846252
   -39.139438629    102.630897522    112.958099365
   -26.529830933    106.489501953     67.445770264
  -107.304100037     23.174489975   -124.473396301
  -105.702003479    -29.721349716    -66.129226685
   -55.610191345    -94.789627075    -52.854858398
   -17.729949951   -108.151901245    -39.527328491
   -10.930419922   -108.948799133    -26.383909225
    46.216979980    -99.505279541    -99.665000916
    55.957149506    -94.366287231    -95.190147400
    60.501068115     91.347961426    -13.871769905
     3.284018993    109.384101868     36.452510834
     6.754703045    109.277099609    121.450401306
    11.442440033    108.951599121     80.044113159
    12.331709862    108.866302490     13.185759544
    24.043279648    107.028396606     28.800630569
    28.066499710    106.082298279     31.828069687
    40.275241852    102.160697937     51.711311340
    50.740730286     97.420379639     41.917308807
