    -6.085649014     39.170818329    -31.905729294
    -9.280126572     38.653198242    -14.404859543
   -11.497989655     38.119258881    -17.499389648
   -11.763500214     38.045429230    -10.813590050
   -17.222150803     36.022609711     -8.685129166
   -25.330690384     30.862350464     -6.347078800
    30.633480072    -25.125699997     60.290699005
    14.299010277    -37.094989777     16.202880859
    12.230830193    -37.783630371     17.142499924
    10.741669655    -38.196380615     16.399810791
     9.417758942    -38.507171631     13.900899887
    19.021379471     35.012149811    -35.417240143
    -6.587236881     43.819000244    -37.432449341
   -10.306710243     43.214660645    -16.292299271
   -12.475359917     42.697910309    -19.829879761
   -12.991580009     42.556411743    -12.884119987
   -13.691809654     42.352909088    -10.682609558
   -19.410280228     40.160198212     -9.935929298
   -29.300340652     33.607391357     -7.287250042
    35.424320221    -26.502849579     58.487899780
    15.914290428    -41.482070923     17.994869232
    13.657810211    -42.236251831     18.911880493
    12.129599571    -42.666439056     18.099519730
    10.482950211    -43.059890747     15.370519638
    22.316989899     38.524959564    -39.928379059
     5.698303223     43.870681763    -16.598039627
    -7.018473148     48.475189209    -42.562500000
   -11.294670105     47.784179688    -18.076110840
   -13.405509949     47.287429810    -21.931919098
   -14.418029785     47.011318207    -14.370829582
   -15.249110222     46.765949249    -11.887459755
   -21.633089066     44.279979706    -11.160300255
   -33.378429413     36.207031250     -8.218729973
    40.450969696    -27.392580032     56.697360992
    17.521560669    -45.872100830     19.658809662
    15.267129898    -46.632869720     20.813659668
    13.554940224    -47.125370026     19.952640533
    11.490050316    -47.625148773     16.911800385
    25.760540009     41.912521362    -44.503200531
    10.532870293     47.879989624    -13.914349556
    -7.277770042     53.150039673    -47.965000153
   -12.313019753     52.347229004    -20.008359909
   -14.244090080     51.898731232    -24.357250214
   -15.831100464     51.469570160    -15.873330116
   -16.817150116     51.174728394    -13.082559586
   -23.896930695     48.378620148    -12.323450089
   -37.621520996     38.599239349     -9.133299828
    19.183429718    -50.242069244     21.476879120
    16.715499878    -51.078399658     22.673219681
    15.063099861    -51.560531616     21.643009186
    12.448740005    -52.200939178     18.364519119
    29.367290497     45.158771515    -48.985778809
    15.632390022     51.453639984    -11.357999802
    -7.448924065     57.832729340    -53.308528900
   -13.295180321     56.917919159    -21.845659256
   -15.051320076     56.515670776    -26.580490112
   -17.273710251     55.918899536    -17.245330811
   -18.403789520     55.576889038    -14.333780289
   -26.190839767     52.461090088    -13.522199631
   -42.107681274     40.684879303    -10.089079857
    -2.440834045    -58.300289154    -31.313840866
    -2.270345926    -57.993129730     15.187569618
    20.827579498    -54.618530273     23.212490082
    18.367250443    -55.459991455     24.712539673
    16.834030151    -55.920009613     23.682159424
    13.448329926    -56.767818451     19.863880157
    51.384380341    -27.270370483     52.883090973
    33.191009521     48.217800140    -53.468578339
    21.095920563     54.566471100     -8.733289719
    -7.508368969     62.524440765    -58.751461029
   -14.271479607     61.489818573    -23.602199554
   -15.739310265     61.159229279    -28.846969604
   -18.610979080     60.398639679    -18.858730316
   -20.043199539     59.961528778    -15.594479561
   -28.482589722     56.543270111    -14.810680389
   -46.760761261     42.516170502    -11.090530396
    -3.389410019    -62.960479736    -33.988071442
    -3.552725077    -62.644969940     16.439590454
    22.411619186    -59.017089844     24.987230301
    19.799499512    -59.910259247     26.540500641
    18.141820908    -60.408451080     25.120569229
    14.410149574    -61.342899323     21.292039871
    57.405941010    -25.863460541     50.756969452
    37.335430145     50.996921539    -58.234210968
    26.971189499     57.165599823     -5.973789215
    -7.421070099     67.226547241    -64.005020142
   -15.250789642     66.061111450    -25.517429352
   -16.351810455     65.817382813    -30.959339142
   -20.085039139     64.838272095    -20.428220749
   -21.686189651     64.344093323    -16.867429733
   -30.843809128     60.589550018    -15.878370285
   -51.379848480     44.312099457    -11.961299896
    -4.375736237    -67.607482910    -36.548900604
    -4.953221798    -67.269042969     17.636720657
    23.991790771    -63.417079926     26.578929901
    21.493770599    -64.276893616     28.336399078
    19.764949799    -64.806053162     26.996959686
    15.261930466    -65.941650391     22.873430252
    63.438709259    -23.753629684     48.226150513
    41.540569305     53.668579102    -62.647201538
    33.189998627     59.231540680     -3.113070011
    -7.301590919     71.927429199    -69.167823792
   -16.183380127     70.642303467    -27.360410690
   -16.953140259     70.474807739    -33.227710724
   -21.496629715     69.296020508    -21.760059357
   -23.364410400     68.714393616    -18.191600800
   -33.232151031     64.620536804    -17.181089401
   -56.345199585     45.606990814    -13.076720238
    -5.738619804    -72.224670410    -39.392429352
    -6.670370102    -71.850082397     18.759889603
    38.395259857    -61.547351837     79.358932495
    25.591739655    -67.809799194     28.491760254
    23.160280228    -68.651321411     30.557239532
    21.347469330    -69.213882446     28.739170074
    16.177690506    -70.526496887     24.291000366
    14.495779991    -70.863456726     61.445968628
    69.647521973    -20.190670013     45.401500702
    46.021530151     56.055938721    -67.493583679
    39.015270233     61.189220428     -0.780589998
    -7.026394844     76.635879517    -74.489967346
   -17.130369186     75.220428467    -29.215040207
   -17.373949051     75.168533325    -35.572479248
   -22.940319061     73.744079590    -23.272460938
   -25.047590256     73.082168579    -19.419830322
   -35.671199799     68.623977661    -18.281370163
   -61.346950531     46.750671387    -13.993200302
    -6.966736794    -76.833221436    -42.110980988
    -8.464300156    -76.396003723     19.908910751
    46.133220673    -61.903400421     84.705726624
    27.155380249    -72.215843201     30.280519485
    24.611150742    -73.095489502     32.066711426
    22.925289154    -73.622009277     30.287029266
    17.069639206    -75.116378784     25.804920197
     9.087923050    -76.357727051     56.058979034
    75.742782593    -15.314820290     42.388141632
    50.560581207     58.321491241    -71.998901367
    47.567501068     61.147979736      2.682300091
    -6.616799831     81.347671509    -80.108871460
   -17.780910492     79.860519409    -37.823780060
   -18.045490265     79.805267334    -31.119289398
   -24.388179779     78.190719604    -24.783460617
   -26.798400879     77.426612854    -20.747680664
   -38.148471832     72.605789185    -19.515439987
   -66.551246643     47.502288818    -15.037329674
    -8.443221092    -81.410263062    -44.838150024
   -10.529210091    -80.886222839     21.026859283
    52.180221558    -63.071231842     89.078018188
    28.736679077    -76.615356445     32.039348602
    26.007249832    -77.557456970     33.595310211
    17.908779144    -79.717269897     27.314769745
     5.377183914    -81.314743042     51.808231354
    81.568893433     -8.574413300     39.013088226
    55.334918976     60.300739288    -76.742568970
    56.261901855     59.754989624      6.068159103
    -6.131536007     86.057220459    -85.170806885
   -18.100519180     84.565979004    -40.183498383
   -18.975650787     84.386917114    -32.855701447
   -25.837570190     82.636718750    -26.289020538
   -28.558090210     81.766967773    -21.982250214
   -40.594299316     76.602279663    -20.656250000
   -71.829269409     48.011760712    -16.040130615
    -9.931942940    -85.970733643    -47.490081787
   -12.882309914    -85.307189941     22.277299881
    57.214218140    -64.897171021     92.766342163
    30.258510590    -81.036590576     33.686191559
    27.920209885    -81.850036621     35.835109711
    26.525379181    -82.298553467     34.175659180
    18.732320786    -84.321212769     28.694349289
     2.963442087    -86.065002441     48.212951660
    86.722686768      1.298143983     34.851699829
    60.182010651     62.126369476    -81.385559082
    66.279167175     55.760860443     10.325269699
    -5.428652763     90.769531250    -90.658767700
   -18.398649216     89.271057129    -42.374328613
   -19.867649078     88.976562500    -34.816150665
   -27.334430695     87.068237305    -27.815380096
   -30.295959473     86.113853455    -23.191799164
   -43.122890472     80.553573608    -21.836910248
   -77.330810547     48.011688232    -17.217710495
   -88.650817871    -21.931699753     86.169403076
   -11.646280289    -90.493301392    -50.158840179
   -15.438389778    -89.659500122     23.489669800
    61.697708130    -67.133972168     96.223190308
    31.811309814    -85.446456909     35.447708130
    29.522289276    -86.244033813     37.574100494
    28.219299316    -86.666748047     35.938400269
    19.533340454    -88.929603577     30.210050583
    79.932998657     43.583011627     18.177930832
    88.206970215     23.656600952     26.078109741
    89.683700562     17.472230911     28.483869553
    65.514953613     63.361801147    -86.642669678
    77.386749268     47.991909027     15.571350098
    -4.765699863     95.471473694    -95.878067017
   -18.604160309     93.989166260    -44.603649139
   -20.765810013     93.564849854    -36.702930450
   -28.807279587     91.506767273    -29.332860947
   -32.087779999     90.441406250    -24.538040161
   -45.657958984     84.499542236    -23.093700409
   -94.668991089    -16.319309235     85.049468994
   -13.421560287    -94.991561890    -52.825901031
   -18.127519608    -93.948387146     24.643840790
   -79.670837402    -52.940868378     90.541351318
    65.680511475    -69.803543091     99.567092896
    33.375461578    -89.852172852     37.198810577
    31.025880814    -90.670730591     39.292800903
    20.354290009    -93.533630371     31.606929779
    70.871337891     64.439323425    -91.791030884
    -3.866558075    100.171501160   -101.388099670
   -18.675479889     98.726242065    -46.915370941
   -21.661739349     98.153587341    -38.613159180
   -30.192430496     95.971916199    -30.864839554
   -33.921249390     94.753540039    -25.728549957
   -48.281330109     88.395950317    -24.312240601
   -88.617263794     47.243350983    -19.418199539
   -88.806869507    -46.665359497     98.222396851
   -95.351608276    -31.996990204     98.761322021
   -99.955581665    -12.798399925     84.276351929
   -15.332509995    -99.455223083    -55.546741486
   -21.102510452    -98.140411377     25.887300491
   -81.128250122    -59.126499176     91.393356323
    69.304428101    -72.805107117    102.826599121
    34.918720245    -94.265472412     38.861080170
    32.301380157    -95.173217773     40.293788910
    21.094890594    -98.153846741     33.179321289
    76.212188721     65.407577515    -96.573898315
    -2.996085882    104.860900879   -106.583999634
   -18.661100388    103.471801758    -49.351390839
   -22.540010452    102.745903015    -40.429321289
   -31.708589554    100.397102356    -32.373050690
   -35.719440460     99.077056885    -27.003719330
   -50.886829376     92.299842834    -25.507249832
   -94.423553467     46.297740936    -20.527969360
   -95.859863281    -43.102718353     90.116043091
   -97.431587219    -39.577671051     90.169036865
  -101.955802917    -26.474029541     99.046623230
  -104.941001892    -10.481089592     83.581970215
   -17.294300079   -103.894096375    -58.281391144
   -24.353649139   -102.224403381     27.050279617
   -83.263961792    -64.124542236     92.049873352
   -89.017898560    -55.624919891     97.947303772
    72.495826721    -76.222183228    106.018600464
    65.727706909    -82.191940308     20.540409088
    44.919681549    -95.177902222     36.937519073
    36.415538788    -98.695541382     40.663509369
    34.260471344    -99.447830200     42.611328125
    21.844249725   -102.771896362     34.617000580
    81.852737427     65.876281738   -101.900802612
    -1.946858048    109.142303467   -111.699302673
   -18.767490387    107.786598206    -51.285388947
   -23.250490189    106.964401245    -42.045810699
   -33.078449249    104.448402405    -33.679531097
   -37.442081451    103.002197266    -28.270490646
   -53.346759796     95.825233459    -26.608150482
   -99.901290894     44.829441071    -21.680280685
  -100.159500122    -43.990859985    104.424598694
  -101.819503784    -40.161911011    103.751701355
  -104.926300049    -31.553739548     90.472343445
  -106.935997009    -24.220029831     99.165122986
  -109.393096924     -8.815916061     82.950637817
   -19.247240067   -107.912902832    -60.769809723
   -27.475809097   -105.876098633     28.200929642
   -85.550979614    -68.167137146     92.629493713
   -90.883293152    -60.692920685     97.801513672
    75.140983582    -79.608886719    109.035598755
    72.229690552    -82.289916992     16.329509735
    42.154769897   -101.060096741     41.217819214
    37.822631836   -102.732597351     42.270740509
    35.912979126   -103.401802063     44.315319061
    22.541490555   -106.992202759     35.943161011
    87.080169678     66.070343018   -106.717796326
