-16.6066   5.71784   87.4511
-17.5082   5.7758   91.9293
-18.3608   5.80994   96.1544
-19.244   5.82434   100.522
-20.1235   5.81627   104.87
-19.1748   5.73119   100.401
-17.541   5.53041   94.4232
-17.5621   5.60267   95.9955
-17.5431   5.53106   97.7123
-17.6334   5.65332   99.0264
-17.585   5.52319   100.871
-17.6832   5.68245   102.038
-17.9009   5.7136   103.108
-17.8013   5.74062   104.753
-17.9874   5.55787   105.912
-17.6319   5.36468   106.502
-17.6335   5.74376   107.182
-17.998   5.54062   107.814
-17.6618   5.35187   108.512
-17.66   5.74601   109.238
5.10978   -16.3894   12.355
6.01889   -16.8806   13.1144
6.95714   -17.2785   13.8608
7.89802   -17.5795   14.5841
8.81672   -17.7915   15.2731
9.59814   -17.8973   15.8478
10.5028   -17.958   16.5124
11.3856   -17.9485   17.1652
12.2078   -17.876   17.7778
13.1295   -17.7186   18.4738
14.088   -17.4807   19.2074
14.7233   -17.2732   19.7018
15.6169   -16.897   20.4182
16.4898   -16.4407   21.1148
17.3232   -15.9138   21.791
18.1007   -15.33   22.4589
18.5972   -14.8905   22.9138
19.2869   -14.1791   23.5904
19.8826   -13.4582   24.2282
20.3549   -12.7764   24.7934
20.7996   -12.0162   25.3911
21.1979   -11.2004   26.0054
21.4953   -10.4699   26.5394
21.7739   -9.56933   27.1786
21.9918   -8.60725   27.846
22.1275   -7.59725   28.5334
22.1668   -6.56167   29.2293
22.1032   -5.52917   29.9229
21.9468   -4.52902   30.6001
21.7136   -3.58008   31.2542
21.422   -2.69595   31.879
21.1004   -1.96909   32.4118
20.6943   -1.18182   33.0056
20.2184   -0.435804   33.5987
19.1313   0.903473   34.7597
18.424   1.57881   35.4168
17.6321   2.21149   36.0953
16.7678   2.77802   36.786
5.44766   -15.7546   62.2563
5.98029   -15.9935   62.7243
6.94355   -16.337   63.5432
7.89046   -16.5746   64.3249
8.79396   -16.7222   65.0576
9.61969   -16.7634   65.7205
10.4665   -16.7501   66.4007
11.3661   -16.6349   67.13
12.3193   -16.4331   67.9143
12.9716   -16.2383   68.4632
13.3039   -16.1171   68.7488
13.8599   -15.87   69.2338
14.723   -15.4102   70.0081
15.5369   -14.869   70.778
16.0334   -14.4811   71.2744
16.7702   -13.7808   72.0741
17.4039   -13.0579   72.8314
17.9048   -12.396   73.4854
18.3547   -11.6078   74.1976
18.7555   -10.7637   74.924
19.0129   -10.0282   75.5308
19.2559   -9.09266   76.2851
19.42   -8.09977   77.073
19.4803   -7.07067   77.8819
19.4299   -6.04134   78.6901
19.2785   -5.04276   79.4833
19.0403   -4.10305   80.2486
18.7879   -3.36781   80.8624
18.384   -2.51671   81.5972
17.4482   -1.0445   82.9483
16.8359   -0.306043   83.6884
16.3371   0.202438   84.2381
5.89925   15.7559   28.6235
6.28447   16.5886   30.247
6.64777   17.3427   31.7268
7.0556   18.1503   33.3248
7.45086   18.9096   34.8363
7.87406   19.694   36.4179
8.29944   20.4619   37.9783
8.73993   21.2142   39.5237
9.25987   22.0715   41.2992
9.7391   22.8297   42.8864
10.3971   23.8181   44.9851
10.9336   24.5844   46.637
11.6711   25.5933   48.8401
12.2188   26.3062   50.4204
13.0488   27.3413   52.7531
13.4969   27.88   53.9847
14.5447   29.0784   56.7763
15.0496   29.6283   58.0843
15.7138   30.3296   59.7748
16.3959   31.0271   61.484
16.9002   31.5262   62.7273
17.6078   32.1981   64.4385
18.3345   32.8629   66.1679
19.0805   33.519   67.914
19.8454   34.1655   69.6762
20.341   34.5673   70.8013
