4.5399   -16.6911   44.4719
4.36012   -17.6723   46.9878
4.13861   -18.624   49.4489
3.94554   -19.3261   51.2795
3.63518   -20.2489   53.7284
3.29893   -21.1285   56.1014
2.97641   -21.8774   58.1599
2.57051   -22.6972   60.4778
-2.95047   -29.4373   82.2139
-3.72535   -30.029   84.6243
-3.98335   -30.2124   85.4069
-4.56767   -30.6016   87.138
-5.60091   -31.2348   90.1223
-6.09828   -31.5041   91.5108
-6.93652   -31.9218   93.808
-8.04089   -32.4079   96.7665
-8.62926   -32.6346   98.3134
-9.57736   -32.9623   100.778
-10.5203   -33.2416   103.2
-11.4519   -33.4751   105.571
-12.1919   -33.6242   107.431
