6.86751   15.1015   49.7303
6.53736   15.9903   49.5541
6.27164   16.7191   49.4087
5.95155   17.6147   49.2306
5.69898   18.336   49.0875
5.39202   19.2387   48.9076
5.08943   20.1479   48.7253
4.79141   21.0605   48.5432
4.56052   21.7753   48.4059
4.27044   22.693   48.2289
3.98532   23.617   48.0504
3.77453   24.3218   47.9142
3.46902   25.3715   47.7128
3.20064   26.3166   47.5316
2.73242   28.0512   47.1985
-6.08511   15.781   70.3036
-7.02453   16.0792   71.8512
-7.96735   16.4125   73.4282
-8.90437   16.775   75.0023
-9.47517   17.0105   75.9613
-10.3846   17.4129   77.5194
-11.2858   17.8455   79.0859
-12.1748   18.3103   80.6383
-13.0486   18.8066   82.183
-13.8206   19.2732   83.5712
-14.6435   19.8023   85.1152
-16.0136   20.7773   87.8523
-16.5686   21.2217   89.0026
-17.6572   22.1439   91.3736
-18.3692   22.8012   92.999
-19.2432   23.6736   95.0528
-19.9047   24.3646   96.6399
-20.8062   25.4016   98.934
-21.3003   26.0236   100.297
-21.8542   26.7743   101.924
-22.3629   27.5148   103.5
-22.7871   28.2558   105.037
-23.1701   28.9984   106.532
-23.4829   29.8391   108.171
8.66889   13.8518   50.4837
9.60676   13.5846   50.8566
10.549   13.295   51.2359
11.4954   12.9793   51.6202
12.1109   12.7593   51.8725
13.0353   12.4079   52.2535
13.9585   12.0326   52.6366
14.8773   11.6317   53.0247
15.7905   11.2059   53.4183
16.6962   10.753   53.8169
17.5896   10.2724   54.22
18.4707   9.76961   54.6249
19.3399   9.24635   55.0309
20.1953   8.70413   55.4321
21.0361   8.14379   55.8269
21.8609   7.56619   56.2207
22.6675   6.97161   56.6139
23.9071   5.99541   57.2359
24.6826   5.33944   57.6359
25.9421   4.19238   58.3048
26.632   3.52213   58.6823
27.7415   2.39343   59.3044
28.2458   1.85809   59.5929
28.9103   1.12778   59.9947
30.1287   -0.299737   60.7695
30.704   -1.01579   61.1472
31.186   -1.64544   61.4713
32.0021   -2.77535   62.0386
32.4652   -3.46844   62.3742
32.9537   -4.22232   62.7336
33.4061   -4.94742   63.0773
33.8539   -5.70325   63.4334
34.2821   -6.47312   63.7907
34.6764   -7.22575   64.1398
35.0711   -8.04055   64.5203
35.4204   -8.78952   64.8689
35.7911   -9.62604   65.2558
36.1547   -10.4854   65.6498
36.4488   -11.2224   65.9851
36.7804   -12.1042   66.3842
37.0991   -13.0088   66.7827
37.3319   -13.7242   67.0859
37.6133   -14.6446   67.4704
-2.5275   -18.7737   87.1463
-3.1929   -19.4846   88.1384
-3.6997   -19.9998   88.8637
-4.39617   -20.6814   89.8337
-5.11347   -21.3563   90.8129
-5.84916   -22.0235   91.8
-6.35039   -22.4604   92.4661
-7.30305   -23.2464   93.7128
-8.10868   -23.8699   94.7448
-8.95005   -24.4825   95.8007
-9.3269   -24.7454   96.2675
-9.7546   -25.0349   96.7919
-10.1539   -25.2998   97.2788
-11.0849   -25.8905   98.4096
-11.9685   -26.4233   99.47
-13.0038   -27.0112   100.687
-13.4875   -27.2722   101.243
-14.3679   -27.7207   102.245
-15.7132   -28.3501   103.76
-16.6348   -28.7474   104.785
-17.56   -29.12   105.804
-18.4852   -29.464   106.814
-19.1155   -29.679   107.496
-20.0673   -29.9696   108.516
15.2776   -10.2014   53.6428
15.3426   -10.5041   53.6897
15.4817   -11.1652   53.7923
15.6784   -12.1332   53.9437
15.8665   -13.1071   54.0978
16.0449   -14.0877   54.2526
16.1543   -14.7235   54.3518
16.2122   -15.0731   54.4057
16.3129   -15.7035   54.5033
16.462   -16.6882   54.6543
16.6158   -17.7776   54.8194
16.747   -18.772   54.969
16.932   -20.2878   55.1976
16.9972   -20.875   55.287
17.0406   -21.2893   55.3511
17.1348   -22.2629   55.5038
17.2211   -23.264   55.662
17.3316   -24.7604   55.898
17.3937   -25.7632   56.056
17.4713   -27.2711   56.2941
17.5125   -28.2794   56.4531
17.5426   -29.289   56.6123
17.561   -30.2992   56.7716
17.5714   -31.3096   56.9316
17.5739   -32.3203   57.0936
17.5669   -33.331   57.2564
17.5501   -34.3413   57.4196
17.524   -35.351   57.5832
17.4892   -36.3599   57.7472
15.5323   10.2887   2.12972
16.0336   10.8634   2.21252
16.6409   11.5974   2.3158
17.2215   12.3301   2.41646
17.7059   12.9737   2.5018
18.2437   13.7227   2.59982
18.7178   14.4118   2.68924
19.2092   15.1716   2.78587
19.7384   16.032   2.89411
20.181   16.7905   2.98867
20.7767   17.8878   3.12369
21.188   18.6912   3.2216
21.7212   19.817   3.35819
22.0512   20.5557   3.44673
22.551   21.7955   3.59408
22.8835   22.6892   3.69964
23.2711   23.8451   3.83767
23.5494   24.7647   3.94726
23.81   25.7042   4.05853
24.0511   26.6628   4.1716
24.2009   27.333   4.2498
24.3952   28.2983   4.36185
24.5672   29.2778   4.47668
24.7153   30.2699   4.59462
24.8377   31.2729   4.71464
-12.4997   -11.7962   16.7079
-13.2882   -12.4067   17.658
-14.0847   -13.0109   18.6101
-14.8892   -13.6086   19.5646
-15.7014   -14.1998   20.5215
-16.5213   -14.7839   21.4807
-17.3488   -15.3604   22.442
-18.1837   -15.9293   23.4056
-19.0364   -16.4965   24.383
-19.8991   -17.0583   25.3658
-20.8141   -17.6406   26.4018
-21.238   -17.9057   26.8797
-21.6487   -18.1589   27.3409
-22.082   -18.4239   27.8263
-22.9332   -18.9331   28.7741
-23.8226   -19.4534   29.7584
-24.9482   -20.0963   30.9955
-25.4179   -20.3581   31.5084
-26.2819   -20.8319   32.4483
-27.2954   -21.3735   33.5446
-27.7748   -21.6245   34.061
-28.1867   -21.8368   34.5031
-28.6771   -22.0863   35.0277
-29.0826   -22.2903   35.4606
-29.5828   -22.5378   35.9929
-30.4921   -22.9795   36.9571
-31.4042   -23.411   37.9198
-32.3192   -23.8324   38.8814
16.6253   -6.59013   13.9424
17.5779   -6.32177   14.5965
18.1985   -6.11199   15.0263
18.5428   -5.97402   15.2673
19.0885   -5.72967   15.6577
19.9611   -5.27685   16.3118
20.8045   -4.76338   16.9744
21.2753   -4.44718   17.3552
21.6153   -4.20154   17.6375
22.1009   -3.82799   18.0492
22.8668   -3.16504   18.7293
23.7189   -2.30998   19.5429
24.3151   -1.62439   20.155
24.7902   -0.995475   20.6883
25.6434   0.332723   21.7558
26.0689   1.13836   22.3664
26.4336   1.91797   22.9353
26.7858   2.80283   23.5576
27.1032   3.75628   24.2155
27.6173   6.45962   26.0244
27.6731   7.41125   26.6509
27.6679   8.36828   27.2786
27.6014   9.31779   27.9031
26.951   12.318   29.9198
26.608   13.2311   30.5589
26.2547   14.0218   31.126
25.1719   15.8688   32.5176
24.6099   16.6093   33.1286
24.1053   17.3413   33.6576
23.5779   18.3977   34.1489
23.142   19.1386   34.4799
22.6911   19.7994   34.7848
22.0969   20.489   35.1269
21.4056   21.163   35.488
20.6209   21.7908   35.8641
19.7638   22.3438   36.2479
18.8684   22.8204   36.6401
17.934   23.2036   37.0363
17.0025   23.4786   37.4191
16.0995   23.6623   37.7869
15.3131   23.7444   38.1016
14.4346   23.7716   38.4535
12.9899   23.6573   39.0432
12.2468   23.512   39.3527
11.3146   23.2266   39.7587
10.1166   22.7208   40.3083
9.23005   22.2193   40.7473
8.13494   21.4107   41.3369
7.63535   20.9396   41.6359
6.98697   20.2084   42.0596
6.45266   19.4833   42.4453
6.0261   18.7358   42.8114
5.66639   18.0017   43.1602
5.35242   17.136   43.5539
5.09506   16.1939   43.9707
16.5928   5.6356   53.3928
17.5259   5.98356   53.9465
18.4414   6.44076   54.5516
19.2888   7.00999   55.1487
20.0344   7.65894   55.7251
20.6642   8.34494   56.2689
21.1318   8.99738   56.732
21.5782   9.74508   57.2404
21.9423   10.5767   57.7737
22.2425   11.5265   58.3602
22.3656   12.1748   58.7569
22.4326   13.1313   59.3434
22.331   14.4327   60.1261
22.1391   15.3469   60.6828
21.3428   17.2516   61.9146
20.167   18.7648   63.0351
19.6311   19.2284   63.4394
18.8083   19.8083   64.0127
17.9168   20.2908   64.5916
16.9983   20.6487   65.1548
16.2722   20.828   65.5669
15.3106   20.9447   66.0989
13.1842   20.7829   67.2571
12.2541   20.5328   67.768
11.1728   20.0939   68.3946
10.7082   19.8397   68.6855
10.2487   19.5454   68.9877
9.93041   19.3129   69.2031
9.4465   18.8629   69.568
8.7984   18.1388   70.1126
7.8977   16.6534   71.067
7.55737   15.7449   71.5826
7.39047   15.0707   71.946
16.6612   7.49253   79.6274
17.5352   8.02167   80.1346
18.3047   8.65265   80.6348
18.9254   9.32842   81.102
19.3466   10.0494   81.5234
19.6562   10.7492   81.9109
19.8733   11.6567   82.4064
19.9421   12.6215   82.92
19.8233   13.5609   83.4398
19.6025   14.2768   83.8667
19.1813   15.1131   84.3664
18.6299   15.8861   84.8537
18.0737   16.4296   85.2437
17.3113   16.9171   85.6679
15.7729   17.3854   86.382
14.884   17.4209   86.7451
13.9683   17.2835   87.1139
12.9891   16.9601   87.5428
12.0682   16.3715   87.9689
11.3737   15.6527   88.3254
10.8846   14.9446   88.6222
10.5697   14.1183   88.9496
10.4223   13.1307   89.3166
11.4887   12.4052   89.2068
12.3669   12.9706   88.7068
13.1129   13.6422   88.2214
13.707   14.346   87.7762
14.1506   15.0649   87.3739
14.5031   15.7981   86.9897
14.7645   16.689   86.5524
14.9121   17.6719   86.0859
14.8973   18.8358   85.542
14.7217   19.8239   85.0752
14.1378   21.3246   84.3325
13.6649   22.0423   83.9487
13.0426   22.7817   83.5219
12.5514   23.2288   83.2288
11.7843   23.7691   82.8098
10.9439   24.198   82.3863
10.345   24.4219   82.1012
9.37682   24.63   81.6625
8.49334   24.6999   81.2662
6.79115   24.4532   80.4884
5.83973   24.1028   80.0275
4.63087   23.3938   79.3835
4.14069   22.9764   79.0896
3.4727   22.2405   78.6376
2.95886   21.5144   78.2328
2.56628   20.7301   77.8139
2.23204   19.7942   77.3302
11.402   12.5663   70.2802
12.259   13.1125   69.789
12.9921   13.7594   69.3134
13.5118   14.3392   68.9375
14.0271   15.1316   68.5017
14.4644   16.0106   68.0434
14.622   16.7105   67.6355
14.7213   17.6797   67.0765
14.6528   18.7981   66.4352
14.442   19.7295   65.8965
14.1515   20.4494   65.4664
13.338   21.7688   64.6109
12.7006   22.4203   64.1089
11.9326   23.0085   63.5762
11.0684   23.476   63.0384
10.1708   23.7954   62.5193
9.3038   23.9798   62.0378
7.66739   23.8975   61.1453
6.70124   23.6422   60.6077
5.39528   23.0033   59.8325
4.64118   22.4299   59.3285
4.14563   21.9081   58.9487
3.60705   21.145   58.451
3.19006   20.3246   57.952
2.9544   19.6097   57.5369
2.80427   18.6702   57.0092
2.80026   17.6877   56.4626
11.2189   12.9339   50.2007
12.0367   13.4225   49.7358
12.5355   13.815   49.425
13.2197   14.5672   48.92
13.7169   15.3044   48.4758
14.0845   16.1272   48.0302
14.3665   17.0983   47.5339
14.4562   17.7133   47.2306
14.4866   18.1712   47.0081
14.4574   18.8138   46.6907
14.3605   19.43   46.3802
14.0437   20.4124   45.8721
13.2999   21.7483   45.1266
12.6951   22.4119   44.6879
11.9492   23.026   44.2146
11.0895   23.52   43.7238
10.185   23.8552   43.2413
9.30835   24.0438   42.7914
7.65325   23.99   41.9627
6.67021   23.7463   41.4643
5.33639   23.0939   40.7372
4.5683   22.5089   40.266
4.05227   21.9939   39.9074
3.50002   21.2091   39.4374
3.06169   20.3711   38.9759
2.84558   19.6401   38.6063
2.6931   18.6793   38.1308
2.69874   17.6818   37.6387
10.6738   12.7161   32.5641
11.1851   12.9682   32.289
11.6436   13.2396   32.033
11.9579   13.4804   31.8473
12.4462   13.9469   31.5323
13.0482   14.6946   31.081
13.5115   15.4731   30.6548
13.7834   16.2236   30.2765
13.9785   17.1722   29.8182
14.021   18.1812   29.3367
13.877   19.2716   28.8088
13.6089   20.1676   28.3604
13.2311   20.8973   27.966
10.8033   23.1537   26.3464
8.64595   23.6716   25.2324
7.78748   23.644   24.7997
6.8567   23.4436   24.3211
5.93626   23.1003   23.8227
5.48384   22.8502   23.5575
5.01627   22.5166   23.2668
4.27316   21.8034   22.7439
3.72129   21.0708   22.2751
3.31709   20.2741   21.8149
3.06893   19.5784   21.4322
2.92354   18.659   20.9366
2.92702   17.7026   20.4125
9.46466   13.7707   14.1262
9.95327   14.4792   13.389
10.212   15.2169   12.7107
10.2924   16.1507   11.8852
10.1398   17.0529   11.077
9.79209   17.7777   10.373
9.33133   18.4125   9.69088
8.61596   18.9791   8.8907
7.77352   19.3654   8.08005
7.02034   19.5006   7.42423
6.15966   19.4602   6.69898
5.25288   19.1792   5.90029
4.42973   18.6254   5.04455
3.85742   17.9593   4.27975
3.52842   17.1609   3.52748
7.4033   15.0702   -1.44628
7.43904   15.621   -1.6729
7.23246   16.2716   -1.96248
6.76809   16.9031   -2.29519
6.01983   17.3071   -2.6217
5.22476   17.3251   -2.90985
4.20036   16.8644   -3.31329
6.28536   15.6629   -4.70302
5.95479   16.5232   -4.67407
5.20087   16.9956   -4.67754
4.24913   16.9203   -4.69255
