3.28032   30.4444   82.3998
3.60674   31.34   84.9655
4.04031   32.4705   88.2283
4.37044   33.2884   90.6076
4.88294   34.4996   94.1556
5.26133   35.344   96.6501
5.6447   36.1728   99.1133
6.00628   36.922   101.36
6.40781   37.7309   103.798
6.79644   38.4852   106.089
7.21487   39.2729   108.498
2.25515   -24.8897   69.2232
2.66301   -25.893   72.2037
3.00685   -26.6822   74.574
3.54672   -27.8216   78.0448
3.96754   -28.6596   80.6256
4.5541   -29.7637   84.0629
4.94291   -30.4601   86.2506
5.57541   -31.5425   89.6818
6.06007   -32.327   92.2062
6.79979   -33.463   95.915
7.2698   -34.1505   98.1917
7.8018   -34.8962   100.693
8.35468   -35.6464   103.234
8.84819   -36.2803   105.418
9.43899   -37.0151   107.987
-7.97759   -14.607   11.4375
-8.29672   -15.5102   12.0838
-8.53483   -16.2292   12.5945
-8.82412   -17.1464   13.2428
-9.10189   -18.078   13.898
-9.29664   -18.7739   14.385
-9.54316   -19.715   15.0411
-9.77588   -20.6689   15.7033
-9.99773   -21.6568   16.386
-10.197   -22.6221   17.0504
-10.4223   -23.8397   17.8851
-10.5854   -24.8293   18.5611
-10.7618   -26.0435   19.3881
-10.8842   -27.0253   20.0548
-11.0236   -28.3691   20.9652
-11.1063   -29.3823   21.6501
-11.1919   -30.8135   22.6161
-11.2297   -31.8192   23.2953
-11.25   -32.8265   23.975
-11.2525   -33.8344   24.6541
-11.2371   -34.8419   25.3318
-11.2041   -35.8482   26.0082
-11.1532   -36.8522   26.6835
-11.0843   -37.8527   27.3571
16.5483   7.12835   20.1779
17.4683   6.95087   21.0908
18.4112   6.72023   22.0375
19.3694   6.42897   23.0157
19.9803   6.20676   23.6506
20.8899   5.82902   24.611
21.7851   5.3967   25.5853
22.6589   4.91032   26.5637
23.7042   4.23412   27.7746
24.5328   3.62088   28.7673
25.7645   2.55025   30.3234
26.9078   1.35353   31.8954
28.0032   -0.0442065   33.562
28.5312   -0.828057   34.4489
28.9778   -1.59077   35.2781
29.9399   -3.61559   37.3676
30.2492   -4.47319   38.2167
30.5242   -5.37481   39.0941
30.682   -6.01891   39.7107
30.86   -6.93735   40.5826
30.9918   -7.88011   41.4695
31.073   -8.83907   42.3656
31.0992   -9.80653   43.267
31.0659   -10.7736   44.1766
30.9751   -11.7295   45.085
30.8345   -12.6679   45.9823
30.6556   -13.5468   46.8308
30.491   -14.1909   47.4578
30.2108   -15.0843   48.3359
29.8965   -15.9321   49.1813
29.1056   -17.6212   50.9244
28.6885   -18.3519   51.7101
28.2659   -19.0346   52.4579
27.7604   -19.7468   53.2689
27.1999   -20.4656   54.1115
25.8969   -21.8672   55.8633
25.1831   -22.5136   56.7398
24.4165   -23.1321   57.6352
23.6021   -23.7137   58.5441
22.7469   -24.2489   59.4607
21.8608   -24.7327   60.366
20.9544   -25.1642   61.258
20.0372   -25.5385   62.1395
19.1169   -25.8558   63.004
16.9933   -26.3672   64.957
16.089   -26.4969   65.7697
15.2128   -26.5867   66.5512
14.4152   -26.6225   67.2602
13.5679   -26.6254   68.0147
12.4826   -26.5632   68.9846
11.658   -26.461   69.7173
10.6801   -26.2925   70.5917
8.632   -25.7487   72.4667
7.73537   -25.4218   73.3089
6.25856   -24.7577   74.7353
5.35697   -24.2663   75.64
4.41508   -23.6732   76.6219
3.60435   -23.0913   77.5058
2.84036   -22.4741   78.3778
2.33572   -22.0221   78.9766
-16.649   -7.04218   53.1785
-17.4822   -6.96369   55.5278
-18.4109   -6.84385   58.1542
-19.1752   -6.71379   60.3293
-20.1053   -6.51185   63.0057
-21.0511   -6.26749   65.7575
-22.0088   -5.97409   68.5798
-22.6268   -5.75174   70.4285
-23.8487   -5.24863   74.1311
-24.5061   -4.94076   76.161
-25.8519   -4.23894   80.4381
-26.6854   -3.80221   83.0815
-28.0158   -3.25188   87.0461
-28.9673   -2.83514   89.8811
-30.0397   -2.28111   93.1758
-30.8302   -1.81392   95.6905
-31.3305   -1.49166   97.3241
-32.4786   -0.652446   101.219
-33.2504   -0.0140887   103.976
-33.9717   0.649919   106.673
-34.6386   1.33059   109.295
