16.6218   1.6084   29.0884
17.477   1.58029   30.5742
18.3697   1.53768   32.1256
19.2753   1.4847   33.7004
20.1103   1.42099   35.1535
21.0241   1.34133   36.7457
21.8397   1.25829   38.1688
22.7592   1.15244   39.7745
23.774   1.02162   41.5485
24.6214   0.896133   43.0331
25.9501   0.67935   45.3657
26.6364   0.556836   46.5732
28.0231   0.280943   49.0219
28.8227   0.110052   50.437
29.9901   -0.160806   52.5102
30.2945   -0.234966   53.0514
30.9209   -0.394516   54.167
32.2906   -0.764098   56.6151
33.2302   -1.03666   58.3031
34.1726   -1.32414   60.0031
35.1172   -1.62682   61.714
35.7508   -1.84067   62.8673
36.6827   -2.17003   64.5715
37.6151   -2.51557   66.2853
38.547   -2.87661   68.0078
39.4778   -3.25355   69.7383
40.0407   -3.48899   70.7895
40.4061   -3.64641   71.4768
-13.3949   -11.3836   15.8547
-13.9999   -12.1161   16.6981
-14.5868   -12.8482   17.5313
-15.0741   -13.4797   18.2407
-15.6297   -14.2243   19.0682
-16.1118   -14.8891   19.8004
-16.6355   -15.6438   20.6194
-17.1407   -16.3932   21.4268
-17.6772   -17.2247   22.3129
-18.1335   -17.9656   23.0926
-18.7784   -19.0546   24.227
-19.1997   -19.7982   24.9931
-19.791   -20.8925   26.1086
-20.2097   -21.7059   26.929
-20.7592   -22.827   28.0487
-21.1223   -23.6037   28.8184
-21.6685   -24.8306   30.0245
-22.028   -25.6895   30.8601
-22.3225   -26.4239   31.5698
-22.6536   -27.3027   32.4116
-22.9756   -28.1985   33.2648
-23.2214   -28.917   33.9455
-23.5134   -29.8274   34.8017
-23.7939   -30.7531   35.6685
-24.0615   -31.6939   36.5454
2.29893   18.7738   59.4914
2.56445   19.7124   62.4885
2.84181   20.6377   65.4581
3.06624   21.3502   67.7552
3.37193   22.2634   70.7139
3.68745   23.162   73.6405
3.95524   23.8923   76.0323
4.38282   24.9927   79.6669
4.63433   25.6138   81.729
5.17204   26.8692   85.9294
5.54542   27.6911   88.7123
6.051   28.7612   92.3611
6.47267   29.6076   95.2781
7.0346   30.6873   99.031
7.47695   31.498   101.877
8.14215   32.6669   106.027
-3.46837   -17.174   13.9103
-3.63424   -18.1515   13.7804
-3.86453   -19.0828   13.6543
-4.09839   -19.7934   13.5536
-4.45331   -20.6695   13.4269
-4.8183   -21.437   13.3145
-5.27223   -22.205   13.196
-5.78414   -22.9729   13.073
-6.38708   -23.7224   12.9404
-7.04805   -24.4349   12.7933
-8.02642   -25.3046   12.583
-8.84868   -25.9114   12.4201
-9.84942   -26.5153   12.2362
-10.7312   -26.948   12.084
-11.3031   -27.1906   11.9898
-12.4731   -27.5687   11.8162
-13.4079   -27.7944   11.6794
-14.1806   -27.9216   11.5665
-15.7461   -28.0279   11.3408
-16.6339   -28.0011   11.2138
-17.4458   -27.9232   11.0987
-18.3651   -27.7587   10.9705
-19.3175   -27.519   10.8367
-19.955   -27.3171   10.7458
-20.2835   -27.194   10.6972
-20.8527   -26.9542   10.6123
-21.7341   -26.5189   10.4783
-22.5855   -26.0162   10.3428
-23.3893   -25.4557   10.205
-23.8833   -25.0609   10.1157
-24.6233   -24.3718   9.97606
-25.2795   -23.6609   9.84428
-25.8379   -22.9518   9.72773
-26.2791   -22.2427   9.62762
-27.3516   -19.9148   9.32368
-27.6289   -18.9782   9.20742
-27.9364   -17.2137   8.99281
-27.9862   -15.4195   8.78001
-27.9   -14.4271   8.66427
-27.7394   -13.4642   8.55101
-26.9566   -11.0258   8.24864
-26.5598   -10.2015   8.13918
-26.1232   -9.43496   8.03289
-25.6558   -8.73091   7.92995
-24.8389   -7.70001   7.76989
-24.3397   -7.16085   7.68013
-23.6362   -6.51336   7.56374
-22.8589   -5.89875   7.44395
-22.0036   -5.32916   7.31886
-21.0997   -4.83324   7.19194
-20.1666   -4.42088   7.06719
-19.2265   -4.09393   6.94722
-18.2994   -3.84719   6.83172
-17.5447   -3.70604   6.73924
-16.6137   -3.60467   6.62806
-4.66037   -16.6243   5.1534
-4.76456   -17.2686   5.13407
-4.83072   -17.5706   5.12746
-5.01767   -18.2491   5.11279
-5.33536   -19.1554   5.0928
-5.69308   -19.9807   5.07469
-6.10899   -20.7134   5.04622
-6.608   -21.491   5.01344
-7.11226   -22.1241   4.98757
-7.80831   -22.8803   4.95638
-8.53976   -23.5408   4.92725
-9.49638   -24.2507   4.89231
-10.343   -24.7556   4.86377
-12.0021   -25.4832   4.81487
-12.9413   -25.7651   4.79017
-14.5723   -26.065   4.75429
-15.4055   -26.1169   4.73938
-16.2723   -26.1077   4.72538
-17.18   -26.0195   4.71002
-18.1437   -25.8558   4.69435
-20.8059   -24.8835   4.65175
-21.6507   -24.4019   4.63015
-22.4461   -23.851   4.60811
-24.3437   -21.9828   4.56105
-24.8889   -21.2348   4.54538
-25.3444   -20.4944   4.5308
-25.7243   -19.7342   4.5152
-26.2239   -18.4106   4.48511
-26.4321   -17.7135   4.44954
-26.6397   -16.7887   4.36437
-26.7812   -13.9295   4.10957
-26.6491   -12.9356   4.02685
-26.4372   -11.9883   3.95293
-26.2159   -11.2742   3.89656
-25.8557   -10.3882   3.82411
-25.4673   -9.58889   3.75299
-25.0263   -8.8507   3.67474
-24.5336   -8.17597   3.59902
-23.9214   -7.44786   3.51159
-23.4264   -6.93203   3.44545
-22.608   -6.2298   3.34588
-21.8018   -5.6557   3.25421
-20.9385   -5.1532   3.16348
-20.0398   -4.73366   3.07559
-19.1303   -4.40033   2.98902
-18.4482   -4.21318   2.92227
-17.4944   -4.03414   2.82603
-16.5941   -3.93305   2.73369
-5.64488   -15.7593   0.507821
-5.71217   -16.0441   0.473871
-5.92174   -16.7317   0.393397
-6.26405   -17.6123   0.285671
-6.64113   -18.3802   0.187508
-7.10744   -19.1147   0.0923878
-7.67119   -19.8628   -0.00764748
-8.16719   -20.4267   -0.0897721
-8.8605   -21.0786   -0.199323
-9.92219   -21.8801   -0.351092
-10.8265   -22.3991   -0.464783
-12.173   -22.9516   -0.620114
-13.1208   -23.2107   -0.72505
-15.274   -23.4408   -0.950431
-16.1838   -23.4012   -1.04123
-16.9739   -23.2857   -1.11422
-17.9021   -23.0647   -1.19929
-18.8513   -22.7399   -1.28786
-19.7877   -22.3029   -1.3775
-20.6751   -21.7593   -1.46724
-21.4836   -21.1339   -1.55438
-22.197   -20.4562   -1.63907
-22.8083   -19.7583   -1.7185
-23.257   -19.1161   -1.78419
-23.7003   -18.3672   -1.85776
-24.3964   -16.6842   -2.01511
-24.8216   -13.4632   -2.29558
-24.7279   -12.4488   -2.38167
-24.5365   -11.4788   -2.463
-24.2695   -10.5772   -2.5355
-23.9613   -9.84778   -2.59416
-23.5451   -9.05954   -2.65878
-22.8168   -8.01919   -2.74292
-22.1645   -7.27892   -2.80404
-21.6553   -6.80769   -2.84422
-20.8863   -6.21043   -2.89915
-20.0463   -5.68129   -2.9563
-19.1604   -5.23472   -3.01355
-18.2567   -4.88075   -3.06995
-17.5894   -4.68235   -3.10807
-16.6268   -4.49251   -3.16004
-5.91542   -15.7041   -4.95694
-6.19483   -16.6395   -5.10179
-6.53262   -17.4793   -5.23724
-6.94503   -18.2123   -5.36275
-7.39236   -18.8957   -5.48463
-7.9855   -19.5909   -5.61916
-8.68919   -20.2677   -5.75847
-9.5011   -20.8857   -5.89984
-10.5939   -21.5102   -6.07403
-11.5468   -21.8856   -6.21578
-13.3454   -22.2584   -6.47274
-14.2323   -22.3039   -6.59715
-15.1247   -22.2378   -6.72407
-16.0968   -22.0776   -6.86308
-18.2508   -21.2343   -7.18671
-20.5847   -19.2497   -7.61179
-21.1349   -18.4974   -7.7371
-21.5846   -17.7315   -7.85538
-21.9235   -16.9786   -7.96012
-22.2855   -15.8102   -8.11055
-22.4095   -15.1745   -8.19011
-22.4567   -14.7827   -8.24098
-22.4864   -14.2199   -8.31786
-22.4448   -13.16   -8.46577
-22.2994   -12.2161   -8.60157
-22.1161   -11.5399   -8.70244
-21.7841   -10.6405   -8.84084
-21.4139   -9.86211   -8.96646
-20.932   -9.13301   -9.09431
-20.3371   -8.38665   -9.23674
-19.0992   -7.26442   -9.48704
-18.2742   -6.72902   -9.63537
-17.3949   -6.28946   -9.78255
-16.4973   -5.95633   -9.92407
-6.47609   -15.5557   -10.503
-6.72579   -16.2709   -10.4226
-7.13255   -17.0927   -10.3286
-7.63887   -17.8561   -10.2371
-8.13402   -18.4294   -10.1642
-8.85216   -19.0516   -10.0761
-9.68049   -19.5893   -9.98531
-10.5709   -20.0047   -9.89843
-12.2994   -20.4073   -9.75961
-13.1735   -20.4438   -9.69638
-14.0691   -20.3412   -9.636
-15.0411   -20.1098   -9.56876
-16.0313   -19.704   -9.49906
-16.9492   -19.1247   -9.43203
-17.7275   -18.4291   -9.36891
-18.3469   -17.6967   -9.31252
-18.8173   -16.9848   -9.26237
-19.167   -16.2145   -9.2154
-19.481   -15.2031   -9.16116
-19.6342   -14.1623   -9.11299
-19.6498   -13.6407   -9.09115
-19.6132   -13.0937   -9.06919
-19.4232   -12.0721   -9.02439
-19.1142   -11.1633   -8.97738
-18.7455   -10.3871   -8.93229
-18.256   -9.68144   -8.89743
-17.6178   -8.9629   -8.86886
-16.8328   -8.29007   -8.83834
-16.3738   -7.97702   -8.82142
-7.78152   -14.6798   -8.78164
-8.15801   -15.4888   -8.82192
-8.6779   -16.2174   -8.8622
-9.39414   -16.9449   -8.90494
-9.86435   -17.2918   -8.92807
-10.316   -17.5392   -8.94754
-11.315   -17.8958   -8.99381
-12.2535   -18.0349   -9.04334
-13.1619   -18.0118   -9.09544
-13.8999   -17.8576   -9.14929
-14.7744   -17.4929   -9.23007
-15.5837   -16.9674   -9.31418
-16.2558   -16.3459   -9.39422
-16.6985   -15.7037   -9.46149
-17.3433   -14.1069   -9.62079
-17.4519   -13.1292   -9.71059
-17.3663   -12.1439   -9.79437
-17.1255   -11.2525   -9.87619
-16.7573   -10.5231   -9.95128
-16.3048   -9.85312   -10.0288
-7.78056   -14.7036   -10.9983
-8.22331   -15.3136   -11.0557
-8.43791   -15.5116   -11.081
-8.93401   -15.8574   -11.1354
-9.75595   -16.2434   -11.2214
-10.4728   -16.3746   -11.2941
-11.337   -16.3758   -11.3804
-12.2392   -16.1424   -11.4755
-13.1302   -15.6684   -11.5807
-13.8396   -15.0205   -11.6825
-14.3225   -14.3054   -11.7758
-14.6004   -13.5615   -11.864
-14.7263   -12.6221   -11.9679
-14.6219   -11.6778   -12.0709
-14.3672   -10.9333   -12.1546
-9.01692   -13.8014   -14.2266
-9.3862   -14.0592   -14.3408
-9.77201   -14.2256   -14.4466
-10.4836   -14.3414   -14.6366
-11.2792   -14.2854   -14.8462
-12.0959   -13.9126   -15.0642
-12.754   -13.3422   -15.2707
-13.1162   -12.6231   -15.4557
-13.2282   -11.5992   -15.6702
-8.79935   -14.0711   -16.7772
-9.65034   -14.4318   -16.7449
-10.5664   -14.31   -16.7086
-11.367   -13.6321   -16.6709
-11.6802   -12.6174   -16.6403
-8.8954   -13.814   -16.856
-9.67199   -13.8717   -16.9658
-10.5326   -13.1453   -17.1221
-3.78208   -17.0603   8.03608
-4.07265   -17.7961   8.40047
-4.42923   -18.6617   8.83162
-4.79194   -19.5122   9.25713
-5.12486   -20.2559   9.63165
-5.50861   -21.0874   10.0532
-5.86916   -21.8389   10.4372
-6.27269   -22.6492   10.8531
-6.71793   -23.5144   11.2993
-7.146   -24.3103   11.7133
-7.75967   -25.4139   12.2916
-8.19454   -26.159   12.6884
-8.84573   -27.2358   13.2682
-9.30529   -27.9702   13.6678
-9.9815   -29.006   14.2387
-10.4948   -29.7637   14.6614
-11.2762   -30.8735   15.2885
-11.7555   -31.5312   15.6648
-12.3134   -32.2682   16.091
-12.8887   -33.0083   16.5231
-13.3816   -33.6235   16.8867
-13.9826   -34.3505   17.3216
-14.5998   -35.078   17.7612
-15.1009   -35.6515   18.1119
-15.7408   -36.3634   18.5528
-16.3972   -37.0736   18.998
-2.69011   -26.0194   16.8284
-3.16623   -26.5107   16.1546
-4.23371   -27.5491   14.6801
-4.77238   -28.038   13.9666
-5.98192   -29.0785   12.4175
-6.44364   -29.4643   11.8407
-7.51246   -30.3114   10.5304
-8.32483   -30.908   9.55713
-9.63472   -31.7948   8.02867
-10.4899   -32.3305   7.04543
-11.3616   -32.8417   6.0565
-12.247   -33.3275   5.06613
-13.1434   -33.7889   4.07476
-14.0488   -34.2238   3.08795
-14.9618   -34.63   2.10571
-15.8789   -35.0061   1.1331
-16.4774   -35.2328   0.506775
-17.425   -35.5589   -0.471695
-18.3693   -35.8523   -1.43183
2.89975   -28.2122   43.421
3.60794   -28.8393   47.2108
4.42527   -29.8352   52.6619
4.79464   -30.5214   55.9269
