-14.8075   -10.7081   37.8677
-15.6755   -11.2266   39.9693
-16.5484   -11.7372   42.0709
-17.4258   -12.2398   44.1715
-18.3075   -12.7347   46.272
-19.1933   -13.2216   48.3721
-20.083   -13.7004   50.4717
-20.976   -14.1715   52.5709
-22.1285   -14.7646   55.2666
-23.0863   -15.2439   57.4953
-24.3098   -15.8392   60.3286
-25.1536   -16.2394   62.2737
-26.8785   -17.0305   66.2277
-27.8645   -17.4667   68.4763
-29.0305   -17.9679   71.123
-29.8811   -18.3244   73.0463
-31.5624   -19.0039   76.8256
-32.4902   -19.3657   78.9007
-33.0861   -19.5929   80.2288
-34.023   -19.9404   82.3097
-34.9596   -20.2784   84.3833
16.5101   -2.96344   26.4124
17.4484   -3.20453   27.9407
18.3902   -3.45416   29.4779
19.3343   -3.71201   31.0218
20.0135   -3.90287   32.1348
20.9533   -4.17457   33.6778
21.8946   -4.45413   35.2265
22.8374   -4.74184   36.7812
23.8212   -5.05119   38.4073
24.5377   -5.28171   39.5941
25.9198   -5.74063   41.8891
26.8425   -6.0565   43.4256
28.0746   -6.49089   45.4839
28.76   -6.73819   46.6321
30.0345   -7.21221   48.7746
30.9438   -7.56012   50.3078
32.5249   -8.18446   52.9848
33.1005   -8.41805   53.9622
34.0235   -8.79928   55.5323
34.9453   -9.189   57.1055
35.8656   -9.58728   58.6821
36.7843   -9.99399   60.2625
37.7013   -10.409   61.8455
38.6162   -10.8321   63.4309
-16.6065   -1.5245   56.167
-17.1139   -2.2515   58.9898
-17.5161   -3.01934   61.7742
-17.8935   -3.8945   64.8477
-18.1203   -4.61522   67.2987
-18.3309   -5.56149   70.4453
-18.45   -6.55957   73.7045
-18.461   -7.57923   77.0011
-18.3593   -8.5836   80.2664
-18.1554   -9.53579   83.4101
-17.9354   -10.2564   85.8255
-17.5563   -11.1398   88.9376
-17.1513   -11.9194   91.782
-16.6633   -12.6567   94.631
-16.0618   -13.4182   97.7416
-15.5477   -13.9271   100.036
-14.7965   -14.5477   103.113
-13.9671   -15.1035   106.268
-14.0468   11.1166   57.3148
-13.8646   12.0872   59.9228
-13.5939   12.9782   62.3689
-13.2689   13.7074   64.4663
-12.8473   14.4715   66.7674
-12.3124   15.2042   69.1729
-11.6507   15.9418   71.8051
-11.1457   16.3902   73.5997
-10.3593   16.9567   76.156
-9.5051   17.4325   78.7024
-8.61334   17.8111   81.1891
-7.9597   18.0115   82.9254
-7.00064   18.2013   85.4017
-6.10819   18.2936   87.6831
-5.24192   18.2715   89.899
-4.4596   18.1951   91.8993
-4.2724   18.1582   92.3796
-3.56363   17.965   94.2206
-2.64446   17.6273   96.679
-6.03114   15.7531   101.064
-6.78288   16.4186   107.216
16.707   8.47953   5.18138
17.4628   9.12548   5.40759
18.1959   9.7828   5.63119
18.7029   10.2549   5.78843
18.9063   10.4504   5.85262
19.4074   10.9457   6.01419
20.0881   11.6435   6.2388
20.7434   12.3461   6.46105
21.2448   12.9097   6.63597
21.8652   13.6368   6.85864
22.5275   14.4495   7.10428
23.0249   15.0883   7.29489
23.8176   16.1721   7.61048
24.991   17.9249   8.10484
25.4432   18.6618   8.30789
26.0742   19.7467   8.6031
26.4904   20.5126   8.8085
27.1059   21.7197   9.12719
27.5012   22.5471   9.3428
27.8354   23.2975   9.53525
28.1975   24.1554   9.75266
28.4905   24.8901   9.93719
28.817   25.7723   10.1564
29.131   26.6765   10.3796
29.3616   27.3883   10.5551
