12.8129   11.892   56.2189
13.3133   12.4548   58.6306
13.9418   13.1759   61.6937
14.5592   13.8978   64.7363
15.0553   14.4909   67.2145
15.6557   15.2221   70.248
16.245   15.9536   73.2605
16.7333   16.576   75.799
17.3719   17.4049   79.1574
17.8864   18.0873   81.9013
18.6681   19.156   86.1511
19.2158   19.9241   89.1789
19.8912   20.8991   92.9857
20.3512   21.5797   95.6214
21.012   22.5794   99.467
21.5219   23.3727   102.495
22.2386   24.5168   106.829
-16.5516   -0.851377   8.00202
-17.4869   -1.04274   8.46565
-18.4292   -1.24958   8.9346
-19.1448   -1.41731   9.29264
-20.0815   -1.65458   9.76459
-21.0235   -1.90915   10.2412
-21.9698   -2.18157   10.7223
-22.6295   -2.3827   11.0592
-23.876   -2.78662   11.6986
-24.4823   -2.99384   12.0111
-25.9625   -3.53267   12.7802
-26.9036   -3.8967   13.2731
-27.8895   -4.29989   13.7932
-28.8   -4.69123   14.2772
-30.1746   -5.31818   15.0145
-31.0923   -5.76104   15.5117
-32.4282   -6.44187   16.2428
-33.32   -6.92082   16.7362
-34.2039   -7.41546   17.23
-35.0795   -7.92503   17.7243
-35.9459   -8.44936   18.2192
-36.8023   -8.98781   18.7141
-37.648   -9.54037   19.2081
-38.4818   -10.1065   19.7012
-34.0677   -21.6427   16.5741
-33.2039   -22.1614   16.0844
-32.3247   -22.6536   15.5952
-31.4321   -23.1171   15.1082
-30.5289   -23.5518   14.6227
-29.6185   -23.9569   14.1392
-29.0498   -24.1951   13.8394
-28.7013   -24.3338   13.6548
-28.109   -24.5598   13.3376
-27.1651   -24.8932   12.8292
-26.2234   -25.1934   12.3266
-25.2867   -25.4618   11.8302
-24.5866   -25.6424   11.4609
-23.6373   -25.8547   10.9652
-22.7019   -26.036   10.4805
-21.9301   -26.1654   10.0829
-20.9963   -26.2918   9.60367
-20.083   -26.3925   9.13615
-19.2559   -26.4563   8.71435
-18.3584   -26.5029   8.25797
-16.1765   -26.5083   7.15334
-15.3408   -26.4749   6.73071
-14.4683   -26.4072   6.28869
-12.8833   -26.2299   5.48314
-12.0964   -26.1101   5.08208
-11.14   -25.9362   4.59334
-9.37342   -25.5374   3.68254
-8.44563   -25.2853   3.19911
-7.7839   -25.085   2.8519
-6.66424   -24.704   2.258
-5.70519   -24.3418   1.74388
-4.35823   -23.7684   1.01151
-3.44558   -23.3378   0.506245
-2.54355   -22.8759   -0.00126094
2.45126   -19.4897   -2.82642
2.95399   -19.0596   -3.12644
3.19079   -18.8476   -3.27104
3.69075   -18.3836   -3.58123
4.39518   -17.6965   -4.02905
5.06882   -17.0013   -4.46876
5.57482   -16.4524   -4.80702
6.20327   -15.7224   -5.24387
6.7985   -14.9925   -5.67003
11.0783   12.5158   -18.3509
10.7909   13.2504   -18.6713
10.4223   14.107   -19.0482
9.657   15.6739   -19.75
9.23646   16.4474   -20.1036
8.79021   17.1967   -20.4552
7.83162   18.6566   -21.1611
7.28544   19.4083   -21.539
6.7933   20.0357   -21.864
6.18675   20.7604   -22.2496
5.54424   21.4835   -22.6444
5.03786   22.0163   -22.9441
4.348   22.6986   -23.3381
3.62158   23.3686   -23.739
2.85989   24.0221   -24.146
2.36769   24.4173   -24.4003
-3.28173   27.8106   -27.0769
-4.18141   28.1916   -27.4711
-4.7749   28.4215   -27.7253
-5.71875   28.7542   -28.1274
-6.36249   28.9591   -28.4028
-7.33328   29.2301   -28.8159
-9.11979   29.6297   -29.5685
-10.0313   29.784   -29.9492
-10.8199   29.8905   -30.2776
-12.2635   30.02   -30.876
-13.1122   30.0595   -31.2273
-13.9951   30.0724   -31.5931
-14.8783   30.058   -31.9593
-15.7275   30.0184   -32.3123
-16.6339   29.945   -32.6898
-17.4387   29.8576   -33.0253
-18.3566   29.7214   -33.4088
-19.2957   29.5528   -33.802
-20.0276   29.398   -34.1105
-20.9593   29.1648   -34.5082
-21.901   28.8948   -34.914
-22.8487   28.5862   -35.3279
-23.4593   28.3663   -35.5981
-23.7987   28.2362   -35.7497
-24.3723   27.9982   -36.0113
-25.2802   27.5918   -36.4294
-26.1779   27.1485   -36.8504
-27.0621   26.6704   -37.2732
-27.9278   26.1591   -37.6951
-28.7711   25.6155   -38.1152
-29.5881   25.0428   -38.5303
-30.3766   24.4443   -38.94
-30.8713   24.0421   -39.2032
-31.6259   23.3809   -39.6175
16.5963   5.67725   68.4977
17.5305   5.84383   72.1697
18.3029   5.97112   75.2013
19.2363   6.10868   78.8563
20.1595   6.23233   82.4668
20.9626   6.32712   85.6005
21.8809   6.42193   89.1769
22.7061   6.4967   92.3863
23.8032   6.5765   96.6465
24.7416   6.63195   100.285
25.8998   6.6783   104.771
26.8387   6.70354   108.408
29.017   -12.0101   108.782
29.0263   -12.488   108.418
29.0339   -11.9444   107.645
29.0273   -12.4415   107.367
29.0043   -11.9316   106.518
29.099   -12.3421   106.099
29.1059   -12.2829   104.654
29.0852   -12.26   103.326
29.118   -12.2522   102.07
29.0844   -12.2837   100.864
28.9808   -12.6744   100.477
29.1457   -12.2867   99.7051
29.0334   -12.6218   99.3569
29.0932   -12.1943   98.6983
29.0494   -12.6227   98.4598
29.0772   -12.1992   98.1523
29.0287   -12.6068   98.0159
29.0888   -12.1909   97.8092
29.0414   -12.5956   97.7003
29.0955   -12.1943   97.3251
29.0544   -12.5838   97.1581
29.0938   -12.1856   96.7567
29.0443   -12.5438   96.5359
29.0643   -12.1802   96.0512
29.0184   -12.5058   95.7628
29.0173   -12.1675   95.2233
28.9901   -12.4764   94.8675
28.9904   -12.1617   94.3166
28.9865   -12.4646   94.028
28.9913   -12.1316   93.6387
28.982   -12.4049   93.3121
28.9785   -12.0941   92.8132
28.996   -12.4186   92.4334
29.1608   -12.334   90.9552
29.1884   -12.2523   89.2201
29.1625   -12.3542   84.947
29.0979   -12.5784   81.0629
29.1517   -12.4161   79.6406
29.1425   -12.3759   78.249
29.1091   -12.3131   76.8361
29.0786   -12.4666   76.3594
29.0912   -12.2515   75.7983
29.0492   -12.4185   75.5254
29.07   -12.2174   75.0612
29.0436   -12.3908   74.7761
29.0607   -12.1764   74.3386
28.9973   -12.3292   74.1676
29.0411   -12.1674   73.9858
29.0118   -12.3378   73.9288
29.0402   -12.1748   73.9774
29.0137   -12.3381   73.9703
29.0475   -12.1722   73.9401
29.0243   -12.3407   73.9686
-15.8254   -10.0088   11.5021
-16.5583   -10.6712   12.1054
-17.2757   -11.3405   12.7046
-17.7807   -11.8244   13.1316
-18.4788   -12.5151   13.731
-19.1605   -13.21   14.3246
-19.8265   -13.9084   14.9129
-20.3285   -14.4534   15.3648
-21.0925   -15.3091   16.0646
-21.6085   -15.9052   16.5454
-22.5013   -16.975   17.3961
-22.9784   -17.569   17.8606
-23.8008   -18.6298   18.6783
-25.0617   -20.36   19.9831
-25.5235   -21.0265   20.4777
-26.2934   -22.1858   21.3276
-26.7764   -22.939   21.8744
-27.2261   -23.6675   22.3979
-27.6797   -24.4232   22.937
-28.1154   -25.1789   23.4706
-28.5379   -25.9346   24.0005
-28.9568   -26.7165   24.5432
-29.3487   -27.4695   25.0622
12.2595   12.0863   15.6044
13.1859   12.4405   16.4613
14.1119   12.7491   17.3049
14.7842   12.9414   17.9111
15.7353   13.1714   18.7612
16.6673   13.3552   19.5868
17.4474   13.4752   20.27
18.3738   13.5759   21.0757
19.2669   13.6427   21.8518
20.1173   13.6679   22.5951
20.9838   13.6707   23.3524
21.8669   13.6298   24.118
22.7849   13.56   24.9129
24.6727   13.2841   26.5566
25.9869   12.9862   27.719
26.6301   12.808   28.2965
28.0208   12.3419   29.57
28.964   11.9657   30.4506
30.178   11.4001   31.6129
31.0533   10.9331   32.474
32.149   10.2737   33.5837
32.6171   9.96134   34.0727
32.9649   9.71691   34.4417
33.4436   9.36044   34.9563
34.2311   8.72421   35.8274
34.9719   8.06326   36.6803
35.6674   7.3848   37.5126
36.1749   6.84838   38.1435
36.8034   6.11478   38.9654
37.3821   5.38224   39.7576
37.8624   4.72071   40.4496
38.3647   3.96303   41.2175
38.817   3.22193   41.9499
39.2355   2.4589   42.6857
39.6422   1.64743   43.4537
39.9752   0.899793   44.1448
40.3179   0.0304936   44.9318
40.6373   -0.881412   45.7424
31.3609   -25.0395   68.6581
30.4949   -25.536   69.4736
29.6087   -25.9907   70.2882
28.7103   -26.3975   71.0937
28.1312   -26.6294   71.6034
27.1804   -26.964   72.43
26.2342   -27.2472   73.2409
25.2996   -27.4828   74.031
24.5606   -27.6372   74.6477
23.6184   -27.7892   75.4268
22.7048   -27.9012   76.178
21.8777   -27.9619   76.8545
20.9884   -27.994   77.5786
20.1117   -27.9864   78.2894
19.2652   -27.9472   78.977
18.3587   -27.8667   79.7214
17.4197   -27.752   80.498
16.6506   -27.6118   81.1378
15.0631   -27.2332   82.4701
14.1417   -26.9522   83.2584
13.518   -26.7302   83.8008
12.5474   -26.3398   84.6599
12.0219   -26.1068   85.1324
11.5902   -25.8978   85.5252
11.118   -25.6577   85.9588
10.0976   -25.0744   86.9208
9.26242   -24.5418   87.7338
8.15868   -23.7462   88.8492
7.37819   -23.1161   89.6684
6.71035   -22.5323   90.3922
5.99979   -21.8346   91.2108
5.34252   -21.1261   92.0055
4.73427   -20.4134   92.7756
4.25398   -19.7834   93.4298
3.727   -19.0371   94.186
3.26928   -18.3198   94.8922
2.83027   -17.5611   95.622
16.6256   1.94646   27.5272
17.4913   1.92708   27.7469
18.3829   1.89904   27.9726
19.2341   1.85751   28.1883
20.1395   1.79788   28.4171
20.9679   1.73085   28.6247
21.8806   1.64369   28.8518
22.6896   1.55666   29.0532
23.7795   1.41815   29.3287
24.5737   1.3044   29.5304
25.9673   1.07534   29.8857
26.7155   0.936707   30.0762
27.9227   0.696369   30.3869
28.8556   0.488188   30.6278
30.1404   0.17697   30.9548
31.0849   -0.0698298   31.1929
32.3834   -0.437624   31.5194
33.3279   -0.725133   31.7571
33.9719   -0.93189   31.9197
34.9021   -1.25214   32.1566
35.8335   -1.59175   32.3961
36.7646   -1.94962   32.6371
37.6943   -2.32247   32.8762
38.6232   -2.71187   33.1119
39.1746   -2.95071   33.2491
39.5487   -3.11681   33.3431
40.0826   -3.36136   33.4829
16.6997   -4.09316   27.8943
17.4632   -4.22343   28.103
18.3951   -4.37318   28.3569
19.1779   -4.4914   28.5695
20.1081   -4.6188   28.8222
21.0305   -4.73548   29.0728
21.8367   -4.82708   29.2919
22.7545   -4.92062   29.5409
23.7443   -5.00975   29.8087
24.6465   -5.08057   30.0525
25.899   -5.15985   30.3908
26.7383   -5.20146   30.6172
28.0058   -5.24572   30.9599
28.8842   -5.26368   31.197
30.1325   -5.27326   31.5328
31.0129   -5.26669   31.7698
32.3547   -5.23978   32.1317
33.2446   -5.20823   32.3718
34.0935   -5.16996   32.6012
34.9918   -5.11685   32.8445
35.8255   -5.06011   33.0705
36.7312   -4.98455   33.3164
37.6471   -4.89919   33.5654
38.4602   -4.81316   33.7867
39.3806   -4.70597   34.0374
-13.0678   -11.6929   83.3801
-13.9099   -12.2507   87.9898
-14.7625   -12.7958   92.6082
-15.6241   -13.3279   97.2334
-16.4943   -13.8476   101.865
-17.3729   -14.3537   106.501
