-16.6435   2.41682   21.5278
-17.587   2.63335   22.7678
-18.3012   2.80414   23.7082
-19.2416   3.03619   24.9488
-20.1849   3.2766   26.1961
-20.8792   3.45875   27.1152
-21.8178   3.71448   28.3595
-22.7592   3.97951   29.6104
-23.6835   4.24793   30.8414
-24.6227   4.53042   32.0959
-25.9902   4.95758   33.9282
-26.5755   5.14629   34.7149
-26.9226   5.26059   35.1825
-27.9174   5.59489   36.5277
-28.8574   5.92012   37.8045
-30.1685   6.38901   39.5914
-31.0882   6.72917   40.8496
-32.4851   7.26363   42.7686
-33.0705   7.4939   43.5754
-33.4181   7.6328   44.0556
-33.9933   7.86724   44.8529
-34.9159   8.25074   46.1356
-35.837   8.64343   47.4213
-36.7567   9.04507   48.7102
-37.6746   9.45609   50.0018
-38.5901   9.87655   51.2964
16.6513   -9.55258   58.0495
17.4434   -10.1641   61.0716
18.2231   -10.7849   64.0867
18.9918   -11.4135   67.0909
19.4885   -11.8296   69.0485
20.2454   -12.4776   72.0578
20.9901   -13.1327   75.0582
21.7207   -13.7943   78.041
22.4833   -14.5052   81.1972
23.1703   -15.1626   84.0761
24.0402   -16.022   87.7787
24.6361   -16.6254   90.3492
25.5095   -17.5451   94.184
26.1565   -18.2476   97.0689
27.0218   -19.2151   100.99
27.5922   -19.8748   103.624
28.5253   -20.9845   108.004
