13.0031   11.8253   26.5882
13.8932   12.3105   28.1908
14.7936   12.7767   29.7985
15.7022   13.2192   31.3997
16.6182   13.637   32.9916
17.5398   14.0269   34.5759
18.4645   14.3879   36.1511
19.3874   14.7168   37.7152
20.0323   14.9213   38.8062
20.8022   15.1509   40.1029
21.4746   15.3384   41.2324
22.5011   15.5978   42.9497
24.1034   15.9431   45.6085
24.9591   16.0986   47.0219
25.7097   16.2158   48.253
27.2596   16.4094   50.7809
30.1353   16.583   55.4604
31.0492   16.5896   56.9462
32.358   16.5506   59.079
33.2651   16.4939   60.5564
34.0861   16.4156   61.8928
35.0069   16.3025   63.3966
35.7826   16.1886   64.6695
36.7078   16.0152   66.2026
-16.4348   -8.76874   82.4472
-16.9423   -9.28653   85.6581
-17.6043   -9.99949   89.9807
-18.2379   -10.7171   94.2366
-18.7395   -11.3118   97.694
-19.3249   -12.0574   101.906
-19.8806   -12.7986   106.024
