-14.9044   10.5807   28.3634
-15.3616   11.3086   29.7393
-15.7093   12.1328   31.1889
-15.9798   13.083   32.8086
-16.1017   14.1322   34.5372
-16.0264   15.1937   36.2784
-15.7851   16.1734   37.9221
-15.4471   17.0235   39.3956
-15.0103   17.7688   40.7746
-14.3319   18.6352   42.541
-13.5597   19.2848   44.1605
-12.6632   19.8358   45.8493
-11.7128   20.2325   47.5021
-10.5239   20.4716   49.4498
-9.63147   20.4931   50.8889
-8.71202   20.3838   52.3843
-8.01178   20.2268   53.5436
-7.71398   20.1222   54.0537
-7.14972   19.8782   55.038
-6.31428   19.407   56.5646
-5.8214   19.0522   57.5269
-5.56723   18.8343   58.0544
-5.08142   18.3296   59.1546
-4.51228   17.5844   60.6464
-4.07582   16.7985   62.0941
-15.0024   10.5112   91.3178
-15.4626   11.2562   92.7353
-15.8146   12.0957   94.2126
-16.0757   13.0723   95.8495
-16.1612   13.6755   96.8421
-16.1818   14.1357   97.6014
-16.1687   14.6148   98.3937
-16.0895   15.2102   99.3892
-15.8287   16.1891   101.092
-15.4733   17.027   102.636
-14.9956   17.7695   104.137
-14.3481   18.5326   105.853
-14.089   18.7695   106.45
-13.2611   19.3594   108.195
-5.58228   -15.9742   6.32737
-6.01481   -16.7282   6.64147
-6.45672   -17.4743   6.95433
-6.9205   -18.2281   7.27537
-7.37477   -18.9466   7.58248
-7.87047   -19.6963   7.90589
-8.38426   -20.4526   8.23581
-8.86253   -21.1274   8.53461
-9.4828   -21.9753   8.91342
-9.97605   -22.6257   9.20791
-10.8021   -23.6654   9.69021
-11.4098   -24.4016   10.0362
-12.2037   -25.3198   10.4752
-12.8447   -26.037   10.8246
-13.6024   -26.8517   11.231
-14.2741   -27.5475   11.5834
-15.1865   -28.4594   12.0549
-15.8941   -29.1294   12.412
