16.71   6.12582   7.97882
17.4525   6.27302   8.32398
18.3896   6.44665   8.75828
19.3192   6.60572   9.18746
20.0946   6.72337   9.54362
21.0212   6.85251   9.96785
21.8213   6.95319   10.3331
22.7436   7.05364   10.7538
23.7575   7.14896   11.2156
24.6702   7.22171   11.6306
25.894   7.29469   12.1874
26.7549   7.32986   12.5783
27.9991   7.36214   13.1435
28.8891   7.36843   13.5476
30.1371   7.35534   14.1145
31.0382   7.33226   14.5237
32.3467   7.27218   15.1178
33.2482   7.21515   15.5275
34.0781   7.15299   15.905
34.9874   7.06867   16.3201
35.9085   6.97201   16.7413
36.712   6.87392   17.1093
37.6378   6.74864   17.5336
38.4179   6.63295   17.8918
39.346   6.47828   18.3205
-2.88666   28.4025   107.332
-3.40156   28.6781   108.147
-4.08968   28.8483   109.12
12.5584   11.8842   45.3796
13.1099   12.6326   47.7756
13.6416   13.3769   50.1332
14.1095   14.063   52.2737
14.6066   14.8152   54.596
15.0618   15.5362   56.7903
15.5211   16.293   59.0688
15.9607   17.0462   61.3144
16.4474   17.9155   63.88
16.8913   18.7375   66.2848
17.4588   19.839   69.4722
17.8253   20.5922   71.6267
18.3219   21.6584   74.6544
18.6996   22.5219   77.0815
19.1952   23.7205   80.4226
19.5123   24.5365   82.6767
19.9728   25.8055   86.1531
20.2785   26.7126   88.6167
20.5724   27.6356   91.1081
20.7818   28.3416   93.0027
21.0398   29.2777   95.4935
21.2799   30.231   98.0089
21.4373   30.9025   99.7744
21.6427   31.8614   102.286
21.8322   32.8316   104.818
22.0041   33.8125   107.368
-16.6452   -7.3684   100.137
-17.4544   -7.46159   104.479
