-7.99136   14.5651   37.4237
-8.50146   15.3181   39.4778
-8.9742   16.0017   41.3549
-9.50217   16.75   43.4235
-10.5254   18.1584   47.3535
-11.0821   18.9034   49.4524
-11.5699   19.5422   51.267
-12.2518   20.4189   53.7727
-12.6848   20.9676   55.3484
-12.844   21.1676   55.9241
-13.5492   22.0411   58.4525
-14.1271   22.7405   60.4947
-15.4846   24.336   65.2113
-16.3646   25.3323   68.2056
-16.9917   26.0256   70.3123
-17.8417   26.9439   73.1313
-18.5068   27.6426   75.3032
-19.1823   28.3395   77.4877
-19.8684   29.0343   79.6856
-20.3736   29.5357   81.2882
-21.0732   30.2166   83.4845
-21.7826   30.8944   85.6911
-22.5017   31.5689   87.9085
-23.0051   32.0327   89.4478
-23.7351   32.693   91.6619
-12.7614   20.8062   55.9865
-12.569   20.6884   56.6754
-12.5192   20.9549   57.1999
-12.7045   20.7708   57.7615
-12.5866   20.6428   58.5674
-12.6484   20.6723   59.4513
-12.5109   20.6428   60.3484
-12.6334   20.6974   61.0939
-12.4512   20.6302   61.8739
-12.5995   20.7126   62.4796
-12.6364   20.4067   62.8485
-12.3746   20.6234   63.0896
-12.5415   20.7485   63.4979
-12.5949   20.4443   63.7912
-12.3381   20.6614   64.0787
-12.4845   20.7668   64.5022
-12.5137   20.4421   64.7943
-12.3074   20.6454   65.0833
-12.4906   20.7602   65.4999
-12.544   20.5006   65.8092
-12.2858   20.6827   66.0608
-12.4836   20.7664   66.3559
-12.5287   20.5124   66.5619
-12.2959   20.6256   66.6492
-12.5526   20.7178   66.7652
-12.5498   20.4903   66.9167
-12.2853   20.5733   67.0134
-12.5747   20.6998   67.0682
-12.5642   20.4983   67.0897
-12.2884   20.5826   67.083
-12.5849   20.7011   67.0767
-12.6347   20.5562   67.1158
-12.6358   20.7138   67.3205
-12.6445   20.5607   67.5661
-12.6506   20.7093   67.8458
-12.7469   20.6173   68.3229
-12.8282   20.7558   68.7835
-12.9905   20.9075   69.5524
-12.9968   20.9467   70.0579
