14.99   -10.4556   35.3782
15.765   -11.0849   37.3111
16.5329   -11.7187   39.2395
17.2938   -12.3568   41.1623
17.7926   -12.7803   42.4284
18.048   -12.9989   43.0784
18.5463   -13.4305   44.3516
19.2923   -14.0844   46.2665
20.0313   -14.7417   48.1749
20.682   -15.3286   49.8645
21.3974   -15.9846   51.7346
22.4568   -16.975   54.5281
23.0254   -17.5155   56.0389
24.5646   -19.014   60.1768
25.5828   -20.034   62.9521
26.2543   -20.7185   64.7985
27.166   -21.6668   67.3314
27.831   -22.3697   69.1951
28.3357   -22.9094   70.6191
28.9894   -23.6212   72.4807
29.6347   -24.3341   74.3335
30.2717   -25.0484   76.1779
30.7708   -25.6184   77.6379
2.45136   21.8632   11.2884
2.9479   22.4263   11.6447
3.61698   23.1098   12.0977
4.33369   23.7797   12.5618
5.2396   24.5426   13.1228
5.74413   24.9288   13.4238
6.06509   25.1618   13.6111
7.10491   25.844   14.2017
7.97082   26.3495   14.6791
9.11015   26.9301   15.2883
10.0312   27.3326   15.768
10.6219   27.5615   16.0717
11.4867   27.852   16.5082
12.1545   28.0471   16.8414
13.0842   28.277   17.3005
14.8938   28.5937   18.1802
15.7041   28.6863   18.564
16.6209   28.7495   18.9827
17.4957   28.7764   19.382
18.3662   28.7432   19.7811
19.2848   28.6736   20.2043
20.0846   28.5671   20.5754
21.017   28.3999   21.0103
21.9731   28.183   21.4607
22.655   27.9899   21.7874
23.5826   27.6809   22.2373
24.5102   27.3141   22.6951
25.4282   26.8901   23.1586
26.3269   26.4111   23.6251
27.1968   25.88   24.0936
28.0289   25.3027   24.5622
28.8184   24.6886   25.026
29.5603   24.0454   25.4796
30.0703   23.5617   25.8032
30.7469   22.8451   26.259
31.3664   22.1208   26.7012
31.8634   21.4874   27.0763
32.3931   20.7247   27.5122
32.8719   19.9788   27.9292
33.2977   19.222   28.3405
33.6832   18.478   28.7378
34.0399   17.6454   29.1785
34.3742   16.7546   29.6439
34.6019   16.0466   30.0064
34.8431   15.116   30.4743
35.0409   14.1493   30.9542
35.1877   13.1534   31.4438
35.2792   12.138   31.9385
35.3133   11.1111   32.4368
35.2859   10.0833   32.9353
35.1988   9.06592   33.4298
35.056   8.0682   33.9174
34.8623   7.09862   34.3961
34.6236   6.16478   34.86
34.4021   5.45829   35.2129
34.0708   4.56163   35.6664
33.7141   3.71928   36.0991
33.342   2.97556   36.4913
32.9196   2.20611   36.9049
32.4516   1.45721   37.3219
31.9886   0.773649   37.7131
31.2642   -0.157378   38.2735
30.7663   -0.730098   38.6343
30.1139   -1.40539   39.0832
28.6977   -2.66011   39.9906
27.8912   -3.26009   40.4718
26.596   -4.091   41.2097
25.7342   -4.5616   41.6815
24.6374   -5.07415   42.2653
23.7068   -5.44481   42.7505
22.6621   -5.7917   43.2837
21.9754   -5.98357   43.6303
21.018   -6.19207   44.1095
20.088   -6.34569   44.5687
19.2759   -6.43839   44.9661
18.3655   -6.4919   45.4111
17.4873   -6.50846   45.8407
16.6248   -6.47026   46.2642
2.34625   17.8001   62.1175
2.74512   18.6229   62.5469
3.15964   19.3876   62.9559
3.61743   20.1229   63.3659
4.1359   20.8783   63.801
4.62295   21.515   64.1813
5.23516   22.2318   64.6284
5.90587   22.943   65.0959
6.70164   23.6917   65.6232
7.2199   24.1319   65.9517
8.35965   24.9864   66.6436
9.19156   25.5251   67.1263
10.524   26.254   67.868
11.4513   26.6773   68.3663
12.6401   27.1341   68.9924
13.2875   27.3354   69.3255
14.2155   27.5821   69.7962
15.8009   27.8867   70.5879
16.6   27.9779   70.9817
17.5039   28.0399   71.4254
18.3719   28.0534   71.8509
19.2261   28.0198   72.2727
20.1371   27.9333   72.7272
20.9166   27.8261   73.1192
21.8362   27.638   73.5858
22.778   27.3941   74.0671
23.7312   27.0913   74.5602
24.3337   26.8691   74.8774
25.2339   26.4797   75.3615
26.1245   26.0383   75.85
26.993   25.5506   76.3374
27.8306   25.0157   76.8256
28.6284   24.4386   77.3108
29.1217   24.0425   77.6219
29.8727   23.3713   78.1161
30.5647   22.6782   78.5944
31.1983   21.9742   79.0559
31.6879   21.3631   79.4383
32.2301   20.6137   79.8913
32.6966   19.8984   80.3098
33.1326   19.1327   80.7414
33.545   18.3246   81.1853
33.8756   17.576   81.5826
34.2102   16.6991   82.0354
34.5107   15.7676   82.5041
34.6874   15.0786   82.8409
34.8818   14.1213   83.3014
35.0236   13.1339   83.7716
35.1081   12.1264   84.2492
35.1323   11.1088   84.7321
35.0949   10.0927   85.2166
34.9994   9.08834   85.6973
34.8497   8.10488   86.1714
34.6498   7.152   86.6371
34.4636   6.46106   86.9806
34.1579   5.53858   87.4475
33.8218   4.66672   87.8976
33.4872   3.92106   88.293
33.076   3.1181   88.7295
32.6377   2.35666   89.1539
32.1744   1.64365   89.5634
31.3243   0.500052   90.2496
30.8231   -0.0795294   90.619
30.1684   -0.757341   91.0749
29.0326   -1.76862   91.8089
28.1981   -2.39401   92.3105
26.5951   -3.35659   93.2104
25.7168   -3.77642   93.6814
24.7663   -4.15213   94.179
23.8009   -4.45027   94.6713
22.6757   -4.72142   95.2334
21.9107   -4.85184   95.6119
20.9844   -4.95151   96.0692
20.1279   -5.00157   96.4909
19.2435   -5.00435   96.9396
18.3355   -4.96972   97.4055
17.5181   -4.87505   97.8279
16.584   -4.71233   98.3131
15.7033   28.6866   18.6642
16.4101   29.0248   19.2907
16.837   29.7343   19.9323
16.665   30.8334   20.7995
15.7923   31.4931   21.6374
14.9945   31.4836   22.2522
14.3431   31.0359   22.8599
14.1055   30.2878   23.5145
14.25   29.4275   24.2827
14.9035   28.8616   25.0534
15.6654   28.7064   25.7427
16.3465   29.0696   26.4189
16.6978   29.7753   27.0286
16.5814   30.786   27.7146
15.8162   31.4945   28.362
14.9218   31.573   28.8908
14.1665   31.1466   29.38
13.7858   30.324   29.8742
14.0305   29.3124   30.4135
14.8367   28.6829   30.9396
15.6847   28.6015   31.383
16.4422   28.9845   31.8524
16.8796   29.7424   32.377
16.6803   30.8413   33.0847
15.8019   31.5228   33.7719
14.9722   31.5139   34.2435
14.2881   31.0633   34.6921
13.9929   30.3002   35.1346
14.129   29.3553   35.6591
14.8142   28.6716   36.1968
15.7068   28.5223   36.7036
16.4855   28.9215   37.2012
16.932   29.7465   37.7342
16.6283   30.8123   38.4477
15.7474   31.3298   39.1887
15.0495   31.35   39.6811
14.6528   31.0724   39.9982
14.1834   30.2593   40.6298
14.2517   29.399   41.204
14.8574   28.763   41.81
15.6968   28.5795   42.4119
16.4535   28.9618   43.0207
16.8486   29.7738   43.7365
16.5206   30.7167   44.5633
15.7219   31.1432   45.3124
14.7967   30.9071   46.1078
14.2695   30.2155   46.815
14.2851   29.3947   47.4774
14.8515   28.7551   48.1825
15.6954   28.5627   48.9108
16.4034   28.9685   49.6168
16.6609   29.7964   50.4235
16.3815   30.5889   51.2001
15.684   30.979   51.8922
14.8868   30.7777   52.6199
14.3406   30.1768   53.3383
14.3338   29.4016   54.0458
14.8841   28.8101   54.8273
15.6718   28.6313   55.601
16.3364   29.024   56.3359
16.5675   29.7957   57.1453
16.3432   30.568   57.9615
15.6819   30.9453   58.7434
14.9349   30.7141   59.6277
14.4551   30.1824   60.4468
14.4913   29.6982   61.0036
15.0092   29.0999   61.9678
15.811   29.125   62.9998
16.371   29.8267   64.2561
16.2545   30.542   65.179
15.6596   30.9131   66.0461
14.9448   30.6962   66.9966
14.4494   30.1623   67.9039
14.4442   29.7152   68.4867
15.0022   29.0568   69.5976
15.8501   29.099   70.6476
16.3248   29.8139   71.7174
15.9413   30.6366   72.8809
15.0315   30.5696   74.1827
14.7059   29.7748   75.4555
15.0673   29.1007   76.4806
15.8308   29.1206   77.5587
16.2951   29.7986   78.7846
15.8453   30.4946   80.0919
15.0744   30.4997   81.3324
14.8569   29.7929   82.5831
15.0953   29.2037   83.571
15.76   29.1791   84.3894
16.4603   29.8275   85.6934
16.3337   30.5613   86.6624
15.7152   30.8922   87.4987
15.0601   30.6036   88.3552
14.8722   29.7956   89.4893
15.7511   29.2581   91.071
16.3314   29.825   92.3085
15.8363   30.6322   93.7881
15.1176   30.5025   94.9106
14.966   29.8138   96.0908
15.7472   29.2735   97.8179
16.3511   29.833   99.1626
15.7764   30.5917   100.696
15.132   30.4643   101.519
14.9147   29.7946   102.355
15.1301   29.12   103.187
15.7979   29.0232   104.039
16.3892   29.787   105.489
15.7417   30.3569   106.992
15.1173   29.7836   108.497
