-14.9415   10.5531   78.3559
-15.4649   11.2991   82.1689
-15.9242   12.0073   85.6986
-16.3817   12.7634   89.3942
-16.8108   13.5321   93.0872
-17.1999   14.2853   96.6538
-17.5866   15.108   100.478
-17.9155   15.8509   103.886
-18.3243   16.8752   108.49
2.14199   18.8089   82.464
2.39556   19.7573   86.7538
2.65863   20.6951   91.0116
2.93099   21.6231   95.2406
3.14643   22.3292   98.4697
3.44018   23.2491   102.695
3.74238   24.1572   106.882
6.48721   -15.3787   73.9923
7.06064   -16.1095   78.0593
7.66224   -16.8424   82.2208
8.16044   -17.4199   85.5678
8.80818   -18.1219   89.7097
9.48933   -18.8184   93.9132
10.2036   -19.5057   98.19
10.708   -19.963   101.125
11.6761   -20.7963   106.634
-16.6639   -2.82661   26.5308
-17.4342   -2.69994   27.7409
-18.3656   -2.51207   29.2152
-19.3119   -2.29051   30.7238
-19.9991   -2.10766   31.8287
-20.9277   -1.82088   33.3439
-21.8603   -1.49619   34.8913
-22.7926   -1.13321   36.4633
-23.7462   -0.718613   38.0977
-24.6791   -0.27138   39.7245
-26.0697   0.479223   42.2133
-26.9005   0.9852   43.7434
-27.9938   1.71895   45.8187
-28.8436   2.34688   47.4832
-29.8718   3.17894   49.567
-30.3757   3.62386   50.6256
-31.0467   4.25638   52.076
-32.327   5.58785   54.9863
-32.95   6.30181   56.4792
-33.4423   6.90838   57.7104
-34.0089   7.65175   59.18
-34.4923   8.32412   60.4796
-34.9943   9.08563   61.9134
-35.4643   9.83542   63.3063
-35.8958   10.5862   64.672
-36.6997   12.1377   67.4364
-37.0849   12.9795   68.9019
-37.3919   13.7228   70.1718
-37.7238   14.605   71.6576
12.8834   -11.8064   15.4612
13.3761   -12.4217   15.7478
13.9558   -13.1605   16.0895
14.5235   -13.8984   16.4234
15.0077   -14.5419   16.7091
15.5582   -15.2864   17.0381
16.0385   -15.9492   17.3289
16.5696   -16.6998   17.6551
17.1689   -17.5641   18.0277
17.6283   -18.2464   18.3185
18.3256   -19.3073   18.7671
18.7916   -20.0333   19.0717
19.4518   -21.0946   19.5125
19.9142   -21.86   19.8274
20.5532   -22.9429   20.2697
20.9819   -23.6941   20.5725
21.6364   -24.8713   21.0382
22.0578   -25.6537   21.3442
22.4551   -26.4092   21.6383
22.8637   -27.2085   21.9477
23.2396   -27.9607   22.2374
23.6343   -28.7766   22.5497
24.0266   -29.604   22.8651
24.3713   -30.3547   23.1502
24.7493   -31.1958   23.4693
8.64032   -14.21   33.7905
9.10429   -14.9108   35.0461
9.61399   -15.6603   36.3997
10.1356   -16.4134   37.7678
10.614   -17.0857   38.9988
11.1557   -17.8329   40.3759
11.6388   -18.4848   41.586
12.2004   -19.2247   42.9712
12.8228   -20.0268   44.4854
13.4159   -20.7732   45.9075
14.1929   -21.7241   47.7396
14.7272   -22.3617   48.9804
15.6563   -23.4432   51.1053
16.1158   -23.9629   52.1397
17.0594   -25.0057   54.2367
17.6061   -25.5943   55.4337
18.5516   -26.5886   57.477
19.2302   -27.2828   58.922
19.9206   -27.9744   60.3768
21.1292   -29.1466   62.8841
21.8448   -29.8191   64.3464
22.5718   -30.4874   65.8169
23.0725   -30.9394   66.8214
23.3113   -31.1508   67.296
23.813   -31.59   68.2881
-16.9793   -37.1693   37.3289
-2.73976   33.2173   39.7328
-3.34194   33.9689   40.5653
-4.42132   34.7571   41.7435
-5.31341   35.1349   42.6083
-6.06451   35.3144   43.3001
-6.99529   35.317   44.1385
-7.95982   35.1636   45.0121
-8.57523   34.955   45.5893
-8.98051   34.7601   45.9894
-9.38102   34.5018   46.4092
-9.86891   34.0996   46.9646
-10.5086   33.3385   47.8394
-10.9445   32.6251   48.5785
-11.2254   31.7781   49.3837
-11.3599   30.8046   50.275
-11.1887   29.3799   51.5779
-10.868   28.517   52.4034
-10.2363   27.5187   53.459
-9.56199   26.9039   54.2653
-8.52314   26.2713   55.3436
-7.89774   26.0616   55.9226
-6.98149   25.9204   56.7255
-6.11322   25.9286   57.4719
-2.63318   28.1154   61.0381
-2.84791   33.1833   64.8223
-3.63171   33.8908   65.3986
-4.55375   34.3847   65.9666
-5.20349   34.5525   66.3293
-6.12015   34.641   66.8263
-7.04229   34.5222   67.3241
-8.04126   34.1469   67.8917
-8.91698   33.5177   68.4606
-9.55027   32.7767   68.9716
-9.99898   31.9634   69.4581
-10.1979   31.2511   69.8471
-10.2313   29.9258   70.5495
-10.0063   28.9894   71.0568
-9.45096   27.9369   71.6893
-8.81697   27.2899   72.1728
-7.65986   26.5975   72.9003
-6.82206   26.3492   73.3713
-6.03095   26.3133   73.7963
-2.56168   28.3102   76.0264
-3.01325   32.9406   78.7918
-3.75869   33.4698   79.3123
-5.2738   33.9174   80.2351
-6.12327   33.837   80.7358
-7.08998   33.5063   81.3388
-7.93292   32.8867   81.9507
-8.4965   32.1757   82.4735
-8.9473   30.6071   83.4137
-8.85321   29.6354   83.9811
-8.35392   28.5273   84.6999
-7.68162   27.755   85.3067
-6.57494   27.1236   85.9625
-5.70141   26.8994   86.3961
-4.8562   26.9226   86.8045
-3.8599   27.1853   87.3049
-2.94083   27.7777   87.8287
-3.00253   33.2574   90.8528
-3.46976   33.5374   91.1183
-4.05918   33.7488   91.4235
-5.20639   33.8662   91.9967
-6.05212   33.6453   92.4417
-6.88846   33.1851   92.9312
-7.52969   32.5712   93.4059
-8.05249   31.3763   94.1285
-8.15112   30.8177   94.4367
-8.11132   30.2505   94.749
-7.65176   28.9342   95.5303
-7.04703   28.2163   96.0545
-6.08916   27.6175   96.6879
-5.39289   27.428   97.0784
-4.51155   27.4403   97.5372
-3.60276   27.7022   98.0295
-2.7702   28.2521   98.545
-3.01265   32.9521   101.152
-3.84103   33.387   101.625
-4.60512   33.5541   102.018
-7.59515   31.6655   103.909
-7.79946   31.001   104.255
-7.83522   30.529   104.484
-7.80104   30.1153   104.679
-7.40266   29.0787   105.183
-6.792   28.2759   105.639
-5.72311   27.6719   106.182
-4.87741   27.4724   106.561
-4.04593   27.5612   106.925
-3.11668   27.9166   107.36
-16.6153   -1.68803   19.2879
-17.4984   -1.70397   19.7938
-18.3672   -1.71251   20.2928
-19.2434   -1.71549   20.7958
-20.119   -1.71267   21.2986
-20.988   -1.70381   21.7981
-21.8712   -1.6865   22.3039
-22.7314   -1.6638   22.7949
-23.7529   -1.62836   23.3783
-24.6204   -1.59248   23.8736
-25.8959   -1.5247   24.6014
-26.716   -1.47376   25.068
-28.0092   -1.37705   25.8007
-28.9098   -1.30277   26.3114
-30.1653   -1.1845   27.0287
-30.958   -1.10291   27.4844
-32.4154   -0.937373   28.3222
-33.2163   -0.837722   28.7838
-34.1414   -0.716671   29.318
-34.9318   -0.60852   29.7761
-35.8578   -0.474916   30.3159
-36.7889   -0.334371   30.8586
-37.5642   -0.211089   31.3107
-38.4957   -0.0543998   31.8552
-39.432   0.110168   32.403
-40.1896   0.249048   32.8453
-4.74486   -16.3458   11.2675
-9.49317   -13.8637   30.5312
-10.3832   -14.3518   31.1066
-11.2832   -14.819   31.6879
-12.194   -15.2607   32.2686
-13.1128   -15.6725   32.8424
-14.0363   -16.0588   33.409
-14.9618   -16.4224   33.9656
-15.8869   -16.7585   34.5126
-16.5183   -16.9706   34.8858
-17.1342   -17.1695   35.2507
-17.7913   -17.3649   35.6358
-18.764   -17.6288   36.2004
-20.1942   -17.9618   37.03
-20.9379   -18.1072   37.465
-21.849   -18.2567   37.9958
-24.0999   -18.5178   39.3255
-25.034   -18.5817   39.8873
-27.7165   -18.6102   41.5055
-28.5943   -18.5689   42.0356
-29.4004   -18.5146   42.5223
-30.2876   -18.4298   43.0612
-32.4476   -18.1049   44.3781
-33.1883   -17.9499   44.828
-34.1264   -17.7288   45.4012
-35.075   -17.4745   45.9884
-35.7372   -17.2767   46.4063
16.573   -2.26447   51.437
17.5076   -2.09448   53.29
18.4462   -1.91753   55.153
19.1936   -1.77048   56.6392
20.1312   -1.57983   58.5057
21.0724   -1.38203   60.3822
21.8028   -1.22263   61.8413
22.7422   -1.01156   63.7184
23.771   -0.772389   65.7763
24.7093   -0.545972   67.6579
25.8717   -0.254972   69.9936
26.8029   -0.0140842   71.8683
27.8579   0.267898   73.9966
28.7864   0.525013   75.8732
30.0895   0.89887   78.5141
31.0254   1.17709   80.416
32.3427   1.58149   83.1
33.2831   1.8801   85.0218
34.2248   2.1872   86.9501
34.8599   2.39933   88.2532
35.7952   2.71907   90.1763
36.7308   3.04714   92.1049
37.6667   3.3833   94.0392
38.6028   3.72786   95.9785
39.2032   3.9534   97.2246
39.5383   4.08069   97.9212
40.1313   4.3096   99.1561
