16.6266   -3.41513   18.0299
17.473   -3.46306   18.9476
18.3697   -3.49719   19.9193
19.2339   -3.5212   20.8546
20.1179   -3.5295   21.8091
20.9963   -3.52971   22.7577
21.8668   -3.51503   23.6972
22.7585   -3.49145   24.6601
23.7279   -3.44819   25.7077
24.6478   -3.39478   26.7029
25.8748   -3.30379   28.0324
26.7655   -3.22342   28.9981
28.0404   -3.08645   30.382
28.8003   -2.99461   31.2081
30.1408   -2.80739   32.6696
31.0599   -2.66557   33.6739
32.348   -2.44049   35.0846
33.2862   -2.26162   36.1146
34.0256   -2.11084   36.9283
34.9615   -1.90469   37.9623
35.9032   -1.68443   39.0067
36.8503   -1.44882   40.0619
37.5441   -1.2645   40.8381
38.4842   -1.00284   41.8927
39.4277   -0.725628   42.955
40.3738   -0.432562   44.0249
-25.8528   -9.17975   77.5105
-25.7991   -10.1779   77.2588
-25.7996   -11.1797   76.9893
-25.8863   -12.1729   76.7016
2.3944   36.9645   94.2989
2.76865   37.8098   96.5676
3.11422   38.5616   98.5979
3.51205   39.3835   100.842
16.6378   -6.49418   50.986
17.5775   -6.73683   53.7794
18.2854   -6.91043   55.8781
19.2297   -7.12935   58.6679
20.1689   -7.33555   61.4354
20.9072   -7.48986   63.6066
21.8484   -7.67371   66.3658
22.7833   -7.84527   69.1018
23.753   -8.00924   71.9365
24.6272   -8.14749   74.4886
25.7886   -8.31354   77.8721
26.7333   -8.43455   80.6192
28.0008   -8.5798   84.2988
28.8996   -8.6702   86.9051
30.1535   -8.77768   90.5383
31.0917   -8.84561   93.2531
32.3474   -8.9167   96.8822
33.2412   -8.94623   99.4701
34.1093   -8.96037   101.988
34.9872   -8.96245   104.535
35.8674   -8.95584   107.087
16.6052   -5.53858   48.3415
17.1409   -4.89042   49.6303
17.2899   -4.04272   50.984
17.1241   -3.2102   52.316
16.5695   -2.58756   53.622
16.762   -5.68827   66.8476
17.1989   -4.95983   68.1922
17.223   -4.10194   69.5866
16.841   -3.34322   70.9776
16.3908   -2.92808   71.9647
16.5637   -5.48717   84.1741
17.1129   -4.86351   85.3794
17.246   -4.05129   86.5893
17.0706   -3.26772   87.77
16.4898   -2.7179   88.976
16.5043   -5.40446   100.466
17.0416   -4.84691   101.59
17.1597   -4.05276   102.778
16.9721   -3.33474   103.883
16.4407   -2.76976   105.019
-16.6676   5.44871   2.96193
-17.5822   5.87266   3.13133
-18.4932   6.30904   3.30068
-19.4003   6.75821   3.47054
-19.8918   7.00718   3.56315
-20.3025   7.21966   3.64077
-20.781   7.47027   3.73137
-21.2   7.69374   3.81092
-21.6651   7.94579   3.89966
-22.0918   8.18044   3.98133
-22.5432   8.43332   4.06799
-22.977   8.67924   4.15167
-23.5226   8.99416   4.25757
-23.9568   9.24929   4.34226
-24.3906   9.50711   4.42707
-24.8312   9.77391   4.51351
-26.058   10.5381   4.75563
-26.9048   11.0847   4.92413
-27.9356   11.7712   5.13154
-28.7685   12.3426   5.30108
-30.1291   13.3105   5.58199
-30.9321   13.9021   5.74962
-32.1932   14.864   6.01607
-32.9737   15.4805   6.18344
-33.4668   15.8793   6.29022
-34.2374   16.5162   6.45873
-34.9961   17.1601   6.62679
-35.7427   17.8105   6.79436
