-8.04252   -14.6948   43.0451
-7.67322   -15.532   36.6442
-7.09288   -16.2558   30.225
-6.24152   -16.8905   22.7571
-5.25494   -17.2118   15.2667
-4.40699   -17.2691   9.10756
-3.53268   -17.0689   2.71931
15.7671   10.0185   94.4997
16.7027   10.2649   99.3357
17.4185   10.4334   103.003
-16.622   -5.6624   -2.92331
-17.4676   -5.62862   -3.05677
-18.3683   -5.55331   -3.19679
-19.298   -5.44699   -3.34081
-20.0794   -5.32528   -3.46186
-21.0131   -5.14935   -3.60775
-21.9653   -4.93462   -3.75998
-22.657   -4.74852   -3.87414
-23.8943   -4.36588   -4.08291
-24.5057   -4.1472   -4.18722
-25.7787   -3.63522   -4.40664
-26.6873   -3.21902   -4.56556
-27.8214   -2.63987   -4.76928
-28.2559   -2.39973   -4.84916
-28.6825   -2.14911   -4.92932
-29.1361   -1.87369   -5.01468
-30.0908   -1.2384   -5.19444
-30.9051   -0.648822   -5.35117
-32.3427   0.528487   -5.64283
-33.0636   1.19171   -5.79588
-33.5724   1.69092   -5.90668
-34.2437   2.40605   -6.05962
-34.8726   3.12661   -6.21102
-35.3741   3.73952   -6.33781
-35.9334   4.49379   -6.48705
-36.4521   5.23952   -6.63248
-36.9079   5.95475   -6.77005
-37.3545   6.71032   -6.91226
-37.7747   7.49074   -7.05614
-38.1487   8.24062   -7.19213
-38.5224   9.07456   -7.3398
-38.8818   9.94693   -7.4932
-16.7103   9.36653   22.8463
-17.6363   9.7293   24.0229
-18.2345   9.95512   24.7792
-19.1727   10.2969   25.9599
-20.1108   10.6254   27.1355
-21.0483   10.9402   28.3051
-21.9844   11.241   29.4676
-22.6405   11.443   30.2778
-23.8092   11.7882   31.7143
-24.5414   11.9945   32.6118
-25.8577   12.342   34.2203
-26.7976   12.5755   35.3651
-28.0811   12.875   36.924
-28.8588   13.0424   37.8659
-30.1882   13.3102   39.4714
-30.9032   13.4445   40.3319
-32.3545   13.6908   42.0737
-33.2831   13.834   43.1854
-34.07   13.9459   44.1262
-34.9966   14.0664   45.2333
-35.9152   14.1755   46.3293
-36.7249   14.2595   47.2928
-37.6376   14.3452   48.3773
