16.5408   8.79631   30.7888
17.4778   9.13507   32.4203
18.4145   9.45823   34.0427
19.3505   9.76631   35.6565
20.0022   9.9711   36.7757
20.9478   10.2534   38.3936
21.8904   10.5211   40.0005
22.83   10.7746   41.5965
23.6231   10.9771   42.9396
24.5668   11.2031   44.5321
25.8952   11.4976   46.7666
26.7019   11.6646   48.1203
28.0885   11.9236   50.4372
28.7862   12.0438   51.5989
30.152   12.2562   53.8666
30.9978   12.3749   55.2676
32.3726   12.5448   57.5389
33.2869   12.6441   59.0472
34.1047   12.7182   60.3929
35.0124   12.7911   61.8834
35.8488   12.846   63.2546
36.748   12.8942   64.7268
37.601   12.9291   66.1218
-16.6229   3.5123   32.0977
-17.5544   3.6655   33.8779
-18.3285   3.78872   35.356
-19.2595   3.93267   37.1324
-20.188   4.07223   38.9026
-20.9717   4.18558   40.3953
-21.899   4.31628   42.1606
-22.6898   4.42479   43.6646
-23.7566   4.56568   45.692
-24.6171   4.67542   47.3263
-25.7937   4.81883   49.5602
-26.7349   4.92759   51.3459
-28.0099   5.06772   53.7643
-28.883   5.15902   55.4198
-30.1796   5.28536   57.876
-30.9308   5.3548   59.2985
-32.3698   5.47774   62.022
-33.2002   5.54455   63.593
-34.1087   5.61154   65.3103
-35.0136   5.67496   67.0202
-35.8513   5.72906   68.6031
-36.7529   5.78338   70.3067
-37.5969   5.83008   71.9011
-38.4952   5.87529   73.5979
-39.3454   5.91426   75.2045
16.608   -4.57138   106.33
10.5034   -12.824   -24.6483
11.3855   -12.7913   -26.1791
12.1643   -12.6953   -27.5511
13.0703   -12.461   -29.1697
13.9946   -12.1191   -30.8806
14.8963   -11.6601   -32.6419
15.7275   -11.0887   -34.3938
16.4554   -10.4419   -36.081
16.9707   -9.89039   -37.3966
