2.55655   17.6719   43.282
2.49944   18.6767   45.7053
2.42108   19.6769   48.1211
2.32168   20.6716   50.5289
2.20289   21.6603   52.9265
-2.50653   37.932   94.2236
-2.90767   38.7404   96.4281
-3.30049   39.495   98.5069
-8.18112   -14.5364   38.1557
-8.42827   -15.2567   39.8732
-8.72178   -16.1679   42.0303
-9.00211   -17.0961   44.2148
-9.19888   -17.7909   45.8414
-9.44247   -18.7299   48.0285
-9.67028   -19.6839   50.2441
-9.8814   -20.6513   52.4813
-10.0776   -21.6557   54.7904
-10.2431   -22.6071   56.9682
-10.4329   -23.8904   59.8906
-10.5601   -24.91   62.2051
-10.6983   -26.3408   65.4426
-10.7656   -27.2991   67.6062
-10.8257   -28.6168   70.5735
-10.8483   -29.6778   72.9604
-10.8332   -31.3192   76.6589
-10.795   -32.3342   78.9494
-10.7357   -33.3466   81.2384
-10.6544   -34.3545   83.5218
-10.5528   -35.3563   85.7973
-10.4322   -36.3517   88.0623
-10.2923   -37.339   90.3153
-10.133   -38.3165   92.5542
-10.0165   -38.9592   94.0285
16.7319   0.743145   6.83818
17.646   0.291568   7.28023
18.5445   -0.215035   7.7329
19.4056   -0.777051   8.18414
20.2214   -1.3836   8.63331
20.987   -2.02623   9.07699
21.6961   -2.69518   9.51051
22.2065   -3.22431   9.83812
22.839   -3.96011   10.2723
23.6338   -5.004   10.863
24.1129   -5.71591   11.2477
24.5726   -6.5079   11.6588
25.0001   -7.32702   12.077
25.5109   -8.5157   12.6641
25.8164   -9.38596   13.0847
26.0878   -10.3003   13.5207
26.3175   -11.2529   13.9705
26.4328   -11.8848   14.267
26.5568   -12.8095   14.6997
26.6269   -13.7787   15.1538
26.6379   -14.7562   15.612
26.4207   -17.1797   16.7581
26.2289   -18.1761   17.2355
25.8554   -19.574   17.9125
25.6066   -20.2903   18.2635
25.2607   -21.143   18.6861
24.9206   -21.896   19.064
24.2655   -23.0956   19.687
23.7855   -23.8494   20.0895
23.3127   -24.5141   20.4558
22.7251   -25.2358   20.8767
22.0782   -25.9564   21.318
21.5767   -26.4637   21.6459
20.8573   -27.1129   22.0925
20.0857   -27.7326   22.5486
19.2641   -28.3121   23.0125
18.4004   -28.8414   23.481
17.5057   -29.3147   23.9484
16.5917   -29.7301   24.4102
15.669   -30.0872   24.8639
14.7484   -30.3872   25.3067
14.0596   -30.5667   25.6283
13.1131   -30.7669   26.0617
12.1936   -30.9164   26.4782
11.3869   -30.999   26.8414
10.4885   -31.0501   27.2453
8.26507   -30.9637   28.2476
7.35601   -30.8487   28.6627
6.59991   -30.7131   29.0091
5.49825   -30.4472   29.5169
4.83949   -30.2504   29.8228
3.90596   -29.9167   30.2605
-2.80877   -24.8876   34.0204
-3.35274   -24.1397   34.4095
-3.8195   -23.427   34.7664
-4.25672   -22.6617   35.1377
-4.66942   -21.8563   35.5201
-5.00525   -21.1072   35.8716
-5.34197   -20.2331   36.2767
-5.64603   -19.306   36.6975
-5.82905   -18.6131   37.0044
-6.03101   -17.6579   37.4216
-6.18356   -16.6725   37.8511
-6.27562   -15.6634   38.2913
16.7719   -0.199278   53.313
17.6808   -0.694267   53.7813
18.5496   -1.25438   54.2495
19.365   -1.86977   54.7128
20.1181   -2.52482   55.1654
20.8076   -3.20502   55.6027
21.3155   -3.76609   55.9414
21.905   -4.51699   56.3626
22.4349   -5.2589   56.7639
22.8834   -5.97715   57.1383
23.6288   -7.43713   57.8597
23.9879   -8.32601   58.2775
24.2377   -9.06034   58.6168
24.4828   -10.0058   59.046
24.6693   -11.0001   59.4884
24.787   -11.9978   59.9257
24.8391   -13.0412   60.3777
24.6315   -15.5968   61.4874
24.4381   -16.5347   61.9049
24.2509   -17.2288   62.2191
23.9019   -18.2547   62.6956
23.5931   -18.9995   63.0516
23.1764   -19.8389   63.4668
22.7292   -20.6165   63.8662
21.9044   -21.7945   64.5092
21.3128   -22.5004   64.9192
20.6565   -23.1988   65.3529
20.1711   -23.6626   65.6617
19.4416   -24.2728   66.094
18.6596   -24.8417   66.5352
17.8311   -25.3592   66.9809
16.9686   -25.8195   67.426
16.0857   -26.2165   67.8684
15.1949   -26.5473   68.3034
14.5511   -26.7367   68.609
13.6169   -26.9556   69.0478
12.7103   -27.1116   69.4659
10.7204   -27.2323   70.3562
9.87003   -27.2045   70.734
8.94816   -27.0987   71.1424
7.58094   -26.8461   71.7506
6.003   -26.3538   72.4668
4.58477   -25.7172   73.0827
3.71324   -25.2251   73.4689
2.74267   -24.5803   73.9195
-2.17943   -18.4858   77.1551
-2.51568   -17.635   77.524
16.5452   -2.63676   90.1091
17.3485   -3.21544   90.4938
18.0921   -3.83975   90.8791
18.5927   -4.32293   91.1522
19.2453   -5.04842   91.5296
19.8084   -5.77356   91.8828
20.2611   -6.47944   92.2054
20.6766   -7.2287   92.5356
21.0467   -8.05811   92.8887
21.3819   -8.96673   93.2692
21.5856   -9.671   93.5661
21.7972   -10.6182   93.9642
21.9415   -11.6073   94.3706
22.0063   -12.6223   94.7816
21.9852   -13.6425   95.1921
21.8573   -14.7776   95.6474
21.6586   -15.7531   96.0464
21.4645   -16.4678   96.3467
20.988   -17.681   96.9106
20.6189   -18.4441   97.2761
20.1713   -19.1792   97.6456
19.6455   -19.9298   98.0379
18.7223   -20.9868   98.6419
18.0002   -21.6374   99.0712
17.1944   -22.2303   99.5054
16.3167   -22.7503   99.9475
15.4021   -23.1858   100.392
14.4753   -23.5314   100.825
12.5708   -23.9574   101.684
11.6623   -24.0409   102.078
10.8036   -24.0582   102.448
9.96611   -23.9926   102.812
8.37199   -23.691   103.51
7.39121   -23.3765   103.953
6.82674   -23.1514   104.22
6.09313   -22.7795   104.599
5.22263   -22.2581   105.064
4.41309   -21.6654   105.521
3.68611   -21.0199   105.962
3.17382   -20.4833   106.299
2.58372   -19.7237   106.718
20.9481   -18.7242   107.64
20.6972   -17.9704   106.732
22.1617   -17.2134   104.368
22.5545   -18.0837   103.154
21.1464   -18.7697   100.876
20.6828   -18.126   99.8932
20.8787   -17.4217   99.0106
21.9533   -17.2524   97.5982
22.4782   -17.8274   96.6291
21.0061   -18.7283   93.9776
20.6772   -17.7597   92.6373
21.7113   -17.2255   90.9785
22.2993   -17.938   89.6661
21.5455   -18.8722   87.8826
20.9114   -18.6706   87.0869
20.6439   -17.9982   86.169
22.0115   -17.2964   83.5085
22.1343   -18.0921   82.3537
21.2428   -18.5582   80.6762
20.6746   -18.1081   79.5374
20.7925   -17.4582   78.5549
21.8474   -17.3382   76.8169
22.2665   -17.8283   75.8898
21.987   -18.3947   75.1247
21.0291   -18.6156   73.7753
20.6397   -17.8011   72.5877
21.6982   -17.2076   70.8374
22.2101   -17.9419   69.6075
21.5598   -18.6977   68.2159
20.8939   -18.6482   67.4039
20.6955   -18.0139   66.6146
21.3293   -17.2088   65.339
22.0064   -17.3646   64.5131
22.1982   -18.0889   63.5049
21.1986   -18.7028   61.7212
20.6282   -18.1234   60.729
21.9302   -17.2693   58.7448
22.4227   -17.8303   58.0137
20.9406   -18.8363   55.9826
20.3834   -18.2419   55.2637
21.8133   -17.176   53.5472
22.3026   -17.8975   52.8457
20.8686   -18.744   51.161
20.4497   -17.8936   50.3186
21.6111   -17.0365   48.9431
22.0577   -17.2896   48.4752
22.1821   -17.9847   47.789
21.4157   -18.7004   46.6383
20.6117   -18.0399   45.5081
22.0111   -17.2622   43.4665
22.1563   -18.1596   42.3963
21.2195   -18.5517   41.223
20.6365   -18.0734   40.4619
21.9354   -17.2074   38.2517
22.2927   -17.7732   37.6089
21.9232   -18.3452   36.9828
21.0404   -18.5667   36.1082
20.4879   -18.1526   35.5436
21.8873   -17.0634   33.5609
22.2518   -17.872   32.7781
21.6513   -18.5266   31.8948
20.9787   -18.5464   31.301
20.7707   -17.9355   30.7152
21.478   -17.0008   29.5833
22.1232   -17.2598   29.0082
22.2888   -17.9941   28.2877
21.3797   -18.6493   27.0327
20.7172   -18.0289   26.1539
22.0238   -17.2658   24.5145
22.187   -18.1462   23.6399
21.2421   -18.5532   22.5829
20.6884   -18.0788   21.9315
21.9499   -17.2309   20.2182
22.3819   -17.7759   19.6128
22.0664   -18.3856   19.0361
21.1224   -18.5525   18.1871
20.65   -17.7357   17.3882
21.9012   -17.0959   16.1457
22.3149   -17.8256   15.5084
21.8097   -18.5246   14.8765
21.0214   -18.5538   14.3272
20.6373   -17.8929   13.8035
22.1521   -17.186   12.3507
22.2402   -17.8877   11.8743
21.56   -18.4679   11.1805
20.7448   -17.9363   10.4413
22.1341   -17.1845   9.04398
22.2609   -17.9977   8.47706
21.4027   -18.5401   7.76219
20.722   -17.9932   7.19638
22.0796   -17.1876   5.87432
22.1729   -18.0978   5.32272
21.2918   -18.5107   4.84795
20.6247   -18.0181   4.49906
20.9922   -16.7454   4.01281
22.214   -17.0335   3.56773
22.4917   -17.6195   3.36455
22.1196   -18.2001   3.15631
21.247   -18.4508   2.86356
20.654   -18.0083   2.63839
21.0703   -16.7817   2.18853
22.1292   -17.0647   1.87872
22.4422   -17.6687   1.70371
21.9987   -18.1964   1.55245
21.2268   -18.3608   1.39781
20.6614   -17.9664   1.27163
21.1075   -16.6869   0.923982
22.2591   -16.9944   0.610396
22.4179   -17.652   0.466903
21.9286   -18.2031   0.335112
21.1952   -18.3586   0.200021
20.6908   -17.8616   0.0420459
21.1649   -16.6738   -0.234187
22.2889   -17.0308   -0.471758
22.3637   -17.6528   -0.559161
21.8539   -18.1663   -0.625875
21.1759   -18.3237   -0.675363
20.7565   -17.924   -0.696113
21.1449   -16.6557   -0.695203
22.2348   -17.043   -0.677923
22.3519   -17.6596   -0.680663
21.8479   -18.1618   -0.699954
21.1927   -18.3169   -0.716582
20.8268   -17.8451   -0.729182
21.1865   -16.7015   -0.749036
22.2189   -17.0784   -0.739325
22.3268   -17.6418   -0.742095
21.8235   -18.1116   -0.705473
20.8519   -17.8531   -0.641054
21.1773   -16.7085   -0.616474
22.133   -17.1505   -0.609369
21.7901   -18.0299   -0.571927
20.9399   -17.8144   -0.504115
21.1504   -16.626   -0.343433
22.2476   -17.1617   -0.195511
21.812   -17.9349   -0.0188212
21.0797   -17.705   0.146993
21.1556   -16.6323   0.421302
22.2657   -17.1817   0.875765
21.8578   -17.8607   1.15783
21.1925   -17.6178   1.44896
21.1573   -16.6619   1.85261
22.3204   -17.1436   2.39024
21.921   -17.8332   2.73751
21.2265   -17.6116   3.06894
21.1117   -16.6742   3.47323
21.6844   -16.3901   3.67625
22.2793   -17.1074   4.04998
21.9646   -17.7884   4.36253
21.2903   -17.5798   4.64912
21.1134   -16.7277   5.01011
21.6518   -16.4251   5.24545
22.2966   -17.0508   5.57645
22.0373   -17.7897   5.8667
21.3144   -17.5844   6.20993
22.2488   -17.0384   7.16002
22.0958   -17.751   7.55901
21.4002   -17.5311   7.97803
22.2605   -17.0173   8.98321
22.1479   -17.716   9.39444
21.4355   -17.5188   9.82172
22.297   -17   10.7986
22.2286   -17.6871   11.2559
21.4466   -17.5213   11.7599
22.3461   -16.9709   12.6256
22.2938   -17.6803   12.9778
21.7407   -17.9372   13.2821
21.4083   -17.4316   13.6467
22.3234   -17.0269   14.5094
22.3375   -17.6411   14.9427
21.8218   -17.9044   15.3594
21.3357   -17.5102   15.7733
22.0491   -17.3833   17.379
21.3229   -17.4978   18.097
22.0762   -17.2588   19.3847
21.8695   -17.7352   19.7569
21.4135   -17.4633   20.0644
22.1756   -17.1744   21.1686
21.9437   -17.7184   21.6006
21.4939   -17.449   21.9549
22.0118   -17.1539   23.0364
21.9772   -17.6871   23.5837
21.522   -17.4206   24.0016
21.9982   -17.0832   25.3146
21.566   -17.3259   26.2073
22.0669   -17.0679   27.492
22.0596   -17.5898   27.8725
21.5851   -17.3489   28.2243
22.1173   -17.0422   29.1745
21.8176   -17.2524   30.2284
22.2067   -17.0438   31.6668
22.2725   -17.4707   32.2801
21.9275   -17.198   32.7292
22.3465   -16.9459   33.7971
22.3746   -17.429   34.3063
21.9989   -17.1603   34.8612
22.3649   -16.9541   35.9243
22.3998   -17.4147   36.3953
22.0829   -17.1303   37.0241
22.412   -16.9338   38.0519
22.4352   -17.4094   38.5109
22.3505   -17.1688   39.4546
22.4932   -16.954   40.4552
22.5261   -17.3553   40.9006
22.3623   -17.448   44.5085
21.9506   -17.2687   48.4402
22.0886   -17.2524   49.3612
22.0232   -17.2366   50.7469
22.1712   -17.1641   51.6663
22.0829   -17.2004   52.8393
22.2505   -17.072   53.8181
22.247   -17.1668   55.1771
22.3111   -17.0415   56.065
22.2935   -17.3776   61.6367
22.1933   -17.3918   67.9402
22.2488   -17.499   68.7777
22.0589   -17.3969   69.2109
22.2839   -17.335   69.7814
22.2978   -17.4987   70.3669
22.0933   -17.3627   70.7897
22.3227   -17.2609   71.1439
22.3228   -17.5205   71.4393
22.1066   -17.3866   71.7316
22.3654   -17.2346   72.0079
22.3598   -17.5168   72.304
22.1417   -17.3971   72.5825
22.4176   -17.2286   72.8482
22.4   -17.4962   73.1297
22.1744   -17.3647   73.4613
22.3665   -17.1861   73.7492
22.3505   -17.5005   73.9809
22.2065   -17.3852   74.3222
22.3637   -17.1633   74.5921
22.3542   -17.4719   74.8856
22.2863   -17.3808   75.421
22.3777   -17.4563   76.0981
22.3502   -17.4036   76.7192
22.4223   -17.4186   77.4509
22.4316   -17.3596   78.1068
22.4656   -17.4264   78.8985
22.3725   -17.5066   82.7499
22.298   -17.496   86.6002
22.3607   -17.4414   87.2089
22.3658   -17.483   87.8307
22.3707   -17.4119   88.3536
12.4835   -11.7112   -3.34398
12.9236   -11.9627   -3.44407
13.353   -12.2027   -3.54102
13.8191   -12.4523   -3.64593
14.7247   -12.9166   -3.8486
15.6377   -13.3576   -4.04876
16.5574   -13.7752   -4.24726
17.4821   -14.1684   -4.4451
18.41   -14.5365   -4.64214
19.3392   -14.8795   -4.83669
19.9665   -15.0976   -4.96617
20.477   -15.2637   -5.07119
21.1315   -15.4637   -5.20465
22.0877   -15.7341   -5.39884
23.4841   -16.0854   -5.68079
24.2115   -16.2471   -5.826
25.1469   -16.4301   -6.01074
26.5262   -16.6611   -6.28173
27.3178   -16.7678   -6.43694
28.2498   -16.8742   -6.61949
32.3646   -17.0801   -7.41927
33.2357   -17.0663   -7.58724
34.1302   -17.036   -7.7595
34.9752   -16.9862   -7.92287
35.885   -16.914   -8.09955
-13.2584   11.5241   101.171
-13.7418   12.2777   106.252
9.22322   -13.823   59.4234
9.6041   -14.6529   62.7289
9.98044   -15.4989   66.0811
10.2964   -16.2434   69.0093
10.6482   -17.1098   72.3957
10.9351   -17.8424   75.2469
11.2634   -18.7243   78.6638
11.5825   -19.6219   82.1254
11.8963   -20.5593   85.7176
12.1641   -21.3969   88.9137
12.5817   -22.8055   94.2526
12.7307   -23.3389   96.2637
12.8349   -23.7223   97.7055
13.1107   -24.8097   101.782
13.3065   -25.639   104.876
