-16.6233   1.5005   27.2897
-17.5681   1.78531   28.8959
-18.5163   2.09738   30.5228
-19.1349   2.31809   31.5924
-20.0623   2.66796   33.2047
-20.9879   3.04109   34.8287
-21.9102   3.43883   36.4626
-22.8269   3.86128   38.1038
-23.7852   4.3331   39.8419
-24.7111   4.81901   41.5373
-26.0015   5.55011   43.9303
-26.8267   6.05086   45.4874
-28.0254   6.82492   47.7876
-28.8991   7.42298   49.4911
-29.8989   8.14269   51.4684
-30.398   8.51986   52.4715
-31.1401   9.10424   53.9861
-32.104   9.90045   55.9935
-32.6028   10.3328   57.0536
-33.3403   10.9994   58.6495
-34.0548   11.6751   60.2287
-34.7464   12.3581   61.7905
-35.2514   12.8788   62.9571
-35.911   13.5907   64.5176
-36.5453   14.3058   66.0526
-37.0451   14.8935   67.2906
16.4309   4.67605   20.2974
16.8941   5.39151   21.2742
17.3044   6.15345   22.265
17.6775   6.99771   23.3232
17.9368   7.71011   24.1919
18.171   8.62807   25.2716
18.3358   9.5992   26.3963
18.4181   10.6032   27.5476
18.4107   11.6173   28.7038
18.3153   12.6177   29.8478
18.1405   13.5832   30.965
17.9671   14.2801   31.7818
17.9003   14.4977   32.0415
17.638   15.2069   32.9031
17.2677   16.0491   33.9502
16.8601   16.8068   34.9326
16.0526   18.0053   36.5991
15.4743   18.702   37.6433
14.8164   19.3848   38.7402
14.3432   19.8016   39.4744
13.6095   20.3674   40.5602
12.8203   20.8761   41.6708
11.9899   21.3164   42.7865
11.1357   21.6812   43.8888
10.5482   21.8893   44.629
10.2748   21.9697   44.9661
9.62064   22.1173   45.7693
8.72937   22.256   46.8531
6.99295   22.3062   48.9505
6.18232   22.2437   49.9336
5.27713   22.0815   51.0472
4.3356   21.8365   52.2186
3.38063   21.4936   53.4348
2.43893   21.0516   54.6852
16.3054   6.72942   101.959
16.6833   7.54827   103.033
17.0239   8.45764   104.195
17.2103   9.15668   105.069
17.3822   10.115   106.25
17.4654   11.1111   107.459
17.4498   12.1172   108.68
4.80509   16.5816   23.7199
4.92809   17.2302   24.6308
5.10508   18.2054   25.9992
5.27126   19.1863   27.3748
5.42684   20.1727   28.757
5.5739   21.1634   30.1433
5.66065   21.7792   31.0039
5.71177   22.1586   31.534
5.79005   22.7674   32.3849
5.91073   23.7571   33.7678
5.96125   24.2006   34.387
6.01919   24.7262   35.1204
6.06668   25.1773   35.7492
6.17944   26.3462   37.3758
6.26837   27.3713   38.801
6.35535   28.5116   40.3849
6.41939   29.4839   41.7351
6.5   30.9871   43.8218
6.54322   32.0223   45.2584
6.585   33.3406   47.0875
6.59642   33.8249   47.7597
6.60607   34.3469   48.4847
6.61349   34.8394   49.1686
6.61778   35.353   49.8817
6.62045   35.8544   50.5777
6.61933   36.359   51.2772
6.61673   36.8691   51.9844
6.61124   37.3656   52.6733
6.60392   37.8834   53.3919
6.59403   38.3715   54.0692
6.58138   38.8975   54.799
6.56714   39.3766   55.4639
6.5487   39.9109   56.2055
-6.28914   -15.5728   13.2098
-6.66636   -16.3273   13.8817
-7.07611   -17.1297   14.599
-7.46847   -17.8867   15.2781
-7.88779   -18.6767   15.9909
-8.30807   -19.458   16.6982
-8.72411   -20.2127   17.3862
-9.15322   -20.9815   18.0895
-9.6615   -21.8726   18.91
-10.0906   -22.6085   19.5917
-10.7188   -23.6679   20.5779
-11.1869   -24.4384   21.2999
-11.8456   -25.5025   22.3019
-12.3127   -26.2435   23.003
-12.9804   -27.2802   23.9894
-13.484   -28.0465   24.7226
-14.2174   -29.1392   25.7744
-14.7323   -29.8901   26.502
-15.2053   -30.5698   27.1638
-15.735   -31.3167   27.8956
-16.274   -32.066   28.6333
-16.7566   -32.7238   29.2855
-17.3103   -33.4678   30.0268
-17.7957   -34.1103   30.6702
-18.3641   -34.8484   31.4138
-18.9416   -35.5878   32.1624
-16.6363   3.72268   30.1565
-17.4449   3.63852   31.5326
-18.3618   3.49704   33.1
-19.3039   3.31704   34.7212
-20.0267   3.15493   35.976
-20.9583   2.9086   37.6102
-21.8992   2.6244   39.2742
-22.8446   2.30252   40.9619
-23.9259   1.88446   42.9172
-24.4087   1.68087   43.7996
-24.8303   1.49241   44.5777
-26.0422   0.902075   46.854
-26.5938   0.606317   47.9099
-27.935   -0.184391   50.5341
-28.7291   -0.701925   52.1345
-30.0014   -1.62562   54.7945
-30.8215   -2.28299   56.5792
-31.3084   -2.69752   57.6653
-32.2787   -3.62047   59.978
-32.951   -4.30926   61.6431
-33.4515   -4.86135   62.9368
-34.0694   -5.59057   64.6002
-34.6478   -6.31851   66.2192
-35.1251   -6.9719   67.6283
-35.6397   -7.72165   69.21
-36.0965   -8.44181   70.6915
-36.5415   -9.20048   72.2157
-36.9644   -9.98237   73.7546
-37.3441   -10.7363   75.2266
-37.7285   -11.563   76.8328
-38.0464   -12.2994   78.2485
-16.6655   8.17813   48.0696
-17.4797   8.25442   50.1054
-18.3822   8.31402   52.3563
-19.2379   8.34368   54.4817
-20.1148   8.34615   56.6513
-21.0041   8.31843   58.8522
-21.8412   8.26464   60.9265
-22.7526   8.17301   63.187
-23.8175   8.0308   65.8362
-24.4821   7.9231   67.4959
-24.7731   7.86739   68.2192
-25.9114   7.61616   71.0427
-26.7071   7.4099   73.0313
-27.8864   7.05309   76.0127
-28.787   6.74111   78.3166
-30.1206   6.21112   81.7762
-31.0633   5.78647   84.2636
-32.1858   5.22307   87.2842
-33.054   4.73567   89.6811
-33.9037   4.21745   92.087
-34.3669   3.91618   93.4233
-34.7319   3.66839   94.4913
-35.2057   3.3323   95.895
-36.0164   2.72311   98.3386
-36.7962   2.09053   100.759
-37.5435   1.43945   103.152
-38.259   0.774113   105.515
-38.7651   0.273162   107.238
