-12.8836   -11.9036   30.709
-14.1533   -12.9327   33.5632
-14.9344   -13.5532   35.3059
-15.7212   -14.1698   37.0525
-16.5137   -14.7824   38.8033
-17.3123   -15.3904   40.5578
-18.1168   -15.9935   42.3156
-18.9397   -16.6   44.1021
-19.4944   -17.0044   45.3019
-19.7723   -17.2052   45.9011
-20.6481   -17.8291   47.7811
-21.4404   -18.3854   49.4741
-22.7758   -19.3041   52.3091
-23.6374   -19.8849   54.1267
-24.5652   -20.4978   56.0708
-25.3745   -21.0242   57.7591
-26.9293   -22.0123   60.9804
-27.7891   -22.5459   62.7517
-28.2392   -22.8223   63.678
-28.6534   -23.0738   64.5271
-29.1005   -23.3436   65.442
-29.522   -23.5954   66.3023
-29.9655   -23.8582   67.2057
-30.3947   -24.1102   68.0775
-30.8346   -24.3664   68.9695
-31.271   -24.6185   69.853
-31.7073   -24.8685   70.7344
16.7661   9.23887   36.7586
17.3394   9.47267   37.9471
18.2723   9.84189   39.8753
19.2057   10.1993   41.7966
20.1395   10.5457   43.7116
21.0733   10.8812   45.6199
22.0067   11.2051   47.5197
22.6405   11.4168   48.8047
23.9001   11.8223   51.35
24.4673   11.9982   52.4923
25.8177   12.3999   55.2037
26.7547   12.6655   57.0791
27.9282   12.9848   59.4221
28.8646   13.2269   61.2858
30.2015   13.5548   63.9367
30.9977   13.7352   65.5064
32.2856   14.0121   68.038
33.2264   14.2001   69.8811
34.1617   14.377   71.7093
34.9233   14.5124   73.1935
35.8587   14.6669   75.0112
36.7874   14.8104   76.8133
37.5734   14.9222   78.3366
9.37279   13.7496   9.26129
9.74793   14.5901   9.77966
10.0638   15.3292   10.2339
10.4094   16.1941   10.7634
10.7461   17.0777   11.3009
11.0089   17.8033   11.7395
11.3153   18.7036   12.2797
11.6107   19.6205   12.8273
11.9179   20.6442   13.4362
12.1069   21.315   13.8338
12.4641   22.7092   14.6543
12.6878   23.6732   15.2182
12.9684   25.0321   16.0082
13.0813   25.6498   16.3658
13.3289   27.2008   17.2622
13.4638   28.2071   17.8416
13.5884   29.3311   18.4869
13.6766   30.3254   19.0564
13.7453   31.3249   19.6273
13.7932   32.3277   20.1992
13.8197   33.333   20.7724
13.825   34.3393   21.3463
13.8093   35.3454   21.9196
13.7731   36.3499   22.4919
13.7157   37.3509   23.0633
