2.51355   -20.7887   24.317
2.99727   -21.4034   24.8858
3.62892   -22.0939   25.562
4.34071   -22.7631   26.2607
5.12721   -23.3936   26.9777
5.86384   -23.8976   27.6132
6.69425   -24.377   28.2893
8.36055   -25.0956   29.5602
9.32806   -25.3863   30.2682
10.7929   -25.6715   31.3165
11.5893   -25.7376   31.8829
12.4309   -25.7656   32.4829
13.2926   -25.7182   33.104
14.2072   -25.6122   33.7666
15.4324   -25.3481   34.6632
16.369   -25.0337   35.3644
17.3037   -24.6266   36.086
18.2151   -24.1322   36.8184
19.0779   -23.5649   37.5464
19.8769   -22.9392   38.2619
21.2157   -21.5893   39.6065
21.7743   -20.8484   40.2672
22.2579   -20.1223   40.8891
22.6643   -19.3916   41.4837
23.0172   -18.6628   42.0599
23.3731   -17.7357   42.7688
23.5832   -17.027   43.287
23.7958   -16.0529   43.978
23.92   -12.7919   46.254
23.7841   -11.829   46.9257
23.5773   -10.9058   47.5805
23.3195   -10.0571   48.1954
22.8776   -9.02462   48.973
22.467   -8.23722   49.5845
21.9899   -7.48965   50.1909
21.5177   -6.84478   50.737
20.9027   -6.1433   51.3697
20.2092   -5.45503   52.0304
19.4289   -4.80232   52.7184
18.5726   -4.21523   53.4232
18.1318   -3.95077   53.7716
17.6717   -3.7023   54.1295
16.7327   -3.26229   54.8437
2.26097   -18.8634   73.3424
2.69807   -19.6508   73.8944
3.19721   -20.4183   74.4536
3.69214   -21.0483   74.9445
4.33548   -21.7525   75.5265
5.06804   -22.4342   76.1344
5.8856   -23.0656   76.7643
6.83317   -23.6498   77.4632
7.7385   -24.0926   78.0919
8.94258   -24.5385   78.8816
9.87779   -24.7907   79.4741
10.6373   -24.9134   79.957
12   -25.0245   80.8214
12.8558   -24.9698   81.3844
13.7817   -24.8307   82.0138
14.4726   -24.6662   82.4981
15.3707   -24.3882   83.1434
16.2682   -24.0295   83.804
17.1443   -23.5847   84.4754
17.9735   -23.0539   85.1471
18.7323   -22.4542   85.8045
19.4132   -21.8115   86.4409
19.8986   -21.2739   86.9314
20.459   -20.5383   87.5547
20.9424   -19.8165   88.1399
21.6317   -18.44   89.1904
21.9813   -17.4971   89.8804
22.1691   -16.8058   90.3708
22.3625   -15.7147   91.1291
22.4476   -14.7083   91.8223
22.4565   -14.1835   92.1812
22.3802   -13.173   92.8642
22.2867   -12.5464   93.2875
22.0518   -11.5631   93.9513
21.7473   -10.6512   94.5781
21.4279   -9.88978   95.1162
20.9793   -9.09791   95.7049
20.472   -8.32535   96.2991
19.9695   -7.7009   96.8101
19.3132   -6.99835   97.4194
18.5631   -6.32437   98.056
18.0853   -5.95257   98.4375
17.7162   -5.70946   98.7117
17.2714   -5.44067   99.0312
16.8067   -5.19074   99.3537
16.4069   -4.99014   99.6293
16.6412   2.25318   52.7838
17.4724   2.31655   52.0695
18.3776   2.3766   51.2931
19.2231   2.42451   50.5681
20.1202   2.46223   49.7961
20.9796   2.49175   49.0559
21.8675   2.51158   48.2885
23.7621   2.52791   46.649
24.609   2.52367   45.9174
25.8786   2.50232   44.8212
26.761   2.47876   44.0605
28.0028   2.42926   42.9889
28.9188   2.38301   42.1968
30.1273   2.30658   41.1497
31.0147   2.238   40.3795
32.3253   2.12326   39.2407
33.2391   2.02894   38.4406
34.1612   1.92551   37.6306
34.9633   1.82699   36.9274
35.8879   1.70683   36.1183
36.6769   1.59836   35.4281
37.6033   1.46087   34.6154
38.5356   1.31476   33.7947
39.3054   1.18694   33.1147
40.2379   1.02237   32.2898
-7.97104   -14.5664   68.0099
-8.56168   -15.3005   68.1422
-9.05606   -15.9056   68.2527
-9.66116   -16.632   68.3861
-10.2753   -17.3585   68.5208
-10.7743   -17.9395   68.6291
-11.4016   -18.6583   68.7635
-12.0367   -19.3766   68.8995
-12.6398   -20.0476   69.0274
-13.2876   -20.7562   69.1639
-14.1928   -21.7276   69.3524
-14.8621   -22.4319   69.4905
-15.7215   -23.3162   69.6656
-16.4095   -24.0109   69.804
-17.1551   -24.7501   69.9509
-17.8545   -25.4294   70.0881
-19.0005   -26.5186   70.31
-19.5043   -26.9882   70.4061
-20.2291   -27.6532   70.5419
-20.9608   -28.3153   70.6781
-21.6989   -28.9748   70.8153
-22.4436   -29.6311   70.9544
-22.9445   -30.0662   71.0486
-23.6962   -30.712   71.1905
-24.4545   -31.3539   71.3343
-13.8714   11.2566   57.7354
-14.6262   11.8991   57.3473
-15.1258   12.331   57.0888
-15.8716   12.9863   56.6998
-16.6097   13.6455   56.311
-17.3383   14.3091   55.9231
-18.0575   14.9774   55.537
-18.5602   15.4538   55.2645
-19.3752   16.2387   54.8192
-20.0734   16.9226   54.434
-20.9283   17.7763   53.9571
-21.6103   18.4703   53.573
-22.5438   19.443   53.0408
-23.0583   19.9919   52.7431
-24.0101   21.0221   52.1896
-24.5015   21.5641   51.9009
-25.4596   22.6429   51.3315
-26.0867   23.3632   50.9544
-26.5868   23.9458   50.6503
-27.2001   24.6742   50.2718
-27.8039   25.403   49.8947
-28.2989   26.0103   49.5823
-28.8885   26.7461   49.2066
-29.4689   27.4815   48.8332
16.3611   -9.71485   108.753
15.1333   -10.3698   74.4065
15.764   -11.0933   74.9244
16.3743   -11.8175   75.4309
16.8686   -12.4254   75.8461
17.4465   -13.1662   76.3396
18.0009   -13.9034   76.8226
18.475   -14.5704   77.2485
18.9908   -15.32   77.7238
19.5192   -16.1221   78.2276
20   -16.8922   78.7035
20.646   -17.9789   79.3663
21.0644   -18.7264   79.8148
21.657   -19.8389   80.4763
22.0619   -20.639   80.9485
22.5623   -21.7139   81.5762
22.9314   -22.565   82.0696
23.4337   -23.8056   82.7827
23.7648   -24.6913   83.2867
24.0215   -25.4109   83.6933
24.0852   -25.6005   83.7983
24.3146   -26.3159   84.1944
24.5947   -27.2399   84.7017
24.8598   -28.1813   85.2127
25.0383   -28.868   85.5854
25.2674   -29.8181   86.1
25.4834   -30.7797   86.6171
-16.6266   -3.34019   75.7839
-17.4849   -3.36835   76.2499
-18.3705   -3.3849   76.7312
-19.244   -3.39044   77.2061
-20.1157   -3.38239   77.6791
-21.0012   -3.36511   78.1596
-21.8595   -3.33664   78.6263
-22.7556   -3.29618   79.1149
-23.7384   -3.23861   79.6517
-24.631   -3.17459   80.1394
-25.8545   -3.07147   80.8081
-26.7786   -2.97836   81.3132
-28.0438   -2.83046   82.0059
-28.8577   -2.72159   82.4529
-30.0722   -2.54262   83.1207
-31.006   -2.38925   83.6349
-32.2943   -2.15829   84.3443
-33.2285   -1.9729   84.8598
-34.1698   -1.77334   85.3803
-34.8932   -1.61069   85.7811
-35.8307   -1.38616   86.3028
-36.7728   -1.14735   86.83
-37.7195   -0.892826   87.3619
-38.3965   -0.70004   87.7432
-39.3352   -0.420357   88.2733
-40.2762   -0.126785   88.8078
-8.05105   -14.4515   83.6137
-8.78247   -15.1097   84.6095
-9.53602   -15.7571   85.6151
-10.3103   -16.3924   86.6275
-10.7997   -16.7804   87.2581
-11.1062   -17.0144   87.6468
-11.5912   -17.3752   88.2559
-12.4026   -17.9567   89.2613
-13.2295   -18.5211   90.2691
-14.2717   -19.1909   91.5164
-15.1565   -19.7264   92.5571
-16.5494   -20.509   94.1634
-17.4218   -20.9624   95.151
-18.7576   -21.6076   96.6407
-19.7104   -22.0323   97.6893
-20.8739   -22.5139   98.9543
-21.4734   -22.7469   99.5996
-22.3782   -23.0756   100.564
-23.687   -23.5115   101.945
-24.6205   -23.7948   102.922
-25.2991   -23.9825   103.627
-26.2443   -24.2251   104.605
-27.1818   -24.4444   105.573
-27.917   -24.6004   106.328
-28.8588   -24.7781   107.292
-29.7885   -24.9342   108.24
-30.5733   -25.0477   109.038
24.7691   20.9749   -18.1681
