7.80047   14.602   53.7239
7.27546   15.3719   56.3434
6.77086   15.933   58.4307
6.03919   16.5512   61.1006
5.1979   17.0736   63.8835
4.30121   17.4547   66.5848
3.56975   17.6536   68.6472
2.62374   17.691   71.2661
13.9389   11.2508   50.5039
14.8719   11.609   52.8175
15.8054   11.943   55.1119
16.737   12.2515   57.3853
17.3951   12.4525   58.9803
18.3425   12.7203   61.2593
19.2841   12.9651   63.5105
20.2197   13.1893   65.7375
20.9472   13.3463   67.4633
21.8865   13.5328   69.6855
23.1232   13.7458   72.5971
26.7673   14.1451   81.0982
28.0559   14.2131   84.0988
28.8374   14.2355   85.9174
30.1258   14.2391   88.9119
31.0554   14.2193   91.0634
32.3372   14.1652   94.0175
33.2351   14.1013   96.0907
34.1525   14.0199   98.2111
34.9614   13.9272   100.085
35.8867   13.8022   102.227
36.6614   13.683   104.023
37.5894   13.5167   106.189
16.787   -2.16952   33.152
17.2977   -2.41625   34.1938
17.706   -2.62404   35.0358
18.1767   -2.87656   36.0176
18.608   -3.11601   36.9243
19.0424   -3.36992   37.851
19.4897   -3.63822   38.8116
19.892   -3.89047   39.683
20.353   -4.1893   40.6878
20.7224   -4.43654   41.4985
21.1937   -4.76699   42.5477
22.0078   -5.37324   44.3866
22.7913   -6.00009   46.1975
23.7824   -6.85432   48.5606
24.5614   -7.57889   50.4805
25.5471   -8.56692   52.9969
26.0391   -9.09988   54.308
26.6174   -9.75605   55.8891
27.0892   -10.3175   57.214
28.0225   -11.5264   59.9711
28.6113   -12.3506   61.7974
29.095   -13.0782   63.3695
29.8439   -14.2933   65.9329
30.2493   -15.0142   67.4088
30.6114   -15.6908   68.7729
30.985   -16.4446   70.2691
31.3502   -17.2225   71.7968
32.0192   -18.8191   74.8678
32.3467   -19.701   76.5371
32.6588   -20.609   78.235
32.8801   -21.317   79.5401
33.1392   -22.2463   81.2372
5.22732   -16.1731   88.2548
5.71932   -16.936   92.928
6.19794   -17.6216   97.2178
6.74687   -18.3705   101.975
7.23699   -18.9984   106.057
-12.5333   11.9142   -3.68992
-13.0594   12.667   -3.88669
-13.5313   13.3629   -4.06666
-14.0215   14.1233   -4.26002
-14.4922   14.8757   -4.44996
-14.9328   15.6182   -4.63547
-15.3659   16.3721   -4.8234
-15.7865   17.1477   -5.0155
-16.2624   18.063   -5.24016
-16.6307   18.8109   -5.42158
-17.1661   19.9597   -5.69869
-17.5374   20.8043   -5.90056
-18.0278   21.9982   -6.18319
-18.306   22.7238   -6.35409
-18.7405   23.9371   -6.63846
-19.0413   24.8446   -6.8499
-19.453   26.1999   -7.16329
-19.6479   26.8928   -7.32269
-19.7153   27.1456   -7.38023
-19.8891   27.832   -7.53384
-20.1142   28.7859   -7.74601
-20.322   29.7536   -7.96015
-20.5119   30.7334   -8.17616
-20.6232   31.3721   -8.3165
-20.7754   32.3518   -8.53153
-20.9075   33.3406   -8.74782
-21.0188   34.3374   -8.96451
-16.5522   -4.38863   75.9625
-17.4498   -3.95741   79.9877
-18.2766   -3.41909   83.9795
-18.8483   -2.81035   87.3687
-19.0487   -2.00495   90.7014
-18.9306   -1.13777   94.2427
-18.4128   -0.455043   97.8358
-17.4907   -0.01881   102.284
-16.4043   -0.179582   107.126
16.6174   -4.64902   9.52415
17.49   -4.65404   10.0288
18.3716   -4.63139   10.5393
19.2152   -4.59267   11.0285
20.1155   -4.51955   11.5542
21.0394   -4.42289   12.096
21.8331   -4.31388   12.5628
22.7636   -4.16077   13.1125
23.7316   -3.97116   13.6879
24.6754   -3.75633   14.2529
25.9379   -3.42415   15.0141
26.631   -3.2226   15.4332
27.8719   -2.81344   16.1892
28.7904   -2.47399   16.7557
30.27   -1.86073   17.6841
30.8309   -1.60602   18.0415
31.2043   -1.42805   18.281
32.5021   -0.761356   19.1237
33.391   -0.261984   19.7137
34.2629   0.265532   20.3045
35.1156   0.818902   20.8938
35.9479   1.39494   21.4825
36.7588   1.99106   22.0691
37.5461   2.60627   22.6499
38.3071   3.23887   23.2246
38.8112   3.67798   23.6131
39.0402   3.88587   23.7921
39.5404   4.35708   24.1886
30.6669   15.7547   62.9752
