16.4453   -9.79356   9.1376
16.9484   -10.2376   9.46103
17.6819   -10.9071   9.94172
18.398   -11.5844   10.4195
19.0957   -12.2679   10.8935
19.776   -12.9571   11.3639
20.277   -13.4856   11.7175
20.9312   -14.1957   12.186
21.5524   -14.8929   12.6388
22.177   -15.6211   13.1049
23.0348   -16.6583   13.7605
23.5338   -17.2929   14.1538
24.3382   -18.3506   14.8014
24.8074   -18.9946   15.1891
25.5371   -20.0337   15.8067
26.0378   -20.7807   16.2442
26.7766   -21.9274   16.907
27.2242   -22.6595   17.3236
27.672   -23.415   17.7504
28.1038   -24.1766   18.1762
28.5184   -24.9315   18.5949
28.9316   -25.7206   19.0276
29.3136   -26.4724   19.4372
29.7056   -27.2861   19.8763
2.21057   18.7814   50.9754
2.44143   19.7401   53.6614
2.68224   20.6899   56.3341
2.93234   21.6314   58.994
3.12461   22.3256   60.9602
3.39589   23.2605   63.6163
3.67581   24.1853   66.252
4.01561   25.2588   69.3223
4.21328   25.8587   71.0445
4.67581   27.1992   74.9053
4.97104   28.0167   77.2708
5.37153   29.0851   80.3763
5.47283   29.3479   81.1423
5.71961   29.9753   82.9757
6.22165   31.2121   86.6057
6.56075   32.0149   88.9759
7.11566   33.277   92.7263
7.45562   34.0268   94.9658
7.84521   34.8578   97.4637
8.23806   35.6769   99.9378
8.61048   36.4284   102.226
9.01787   37.2306   104.683
9.41337   37.9856   107.008
-16.6118   1.43192   102.918
