2.41558   -22.9213   16.0289
2.9133   -23.4191   16.4464
3.6592   -24.0204   17.0135
4.57559   -24.6065   17.655
5.43108   -25.0257   18.2143
6.03396   -25.2524   18.5923
7.10034   -25.5331   19.2391
7.88608   -25.6576   19.7044
8.83443   -25.7048   20.2604
9.76622   -25.67   20.8065
11.074   -25.4475   21.5824
11.9556   -25.1725   22.1198
12.8356   -24.7977   22.6761
13.6822   -24.3241   23.2396
14.4654   -23.7661   23.7946
15.1656   -23.1489   24.3293
16.2974   -21.7639   25.3465
16.7632   -20.99   25.8603
17.1635   -20.1369   26.4006
17.4341   -19.4193   26.84
17.7463   -18.0184   27.6519
17.8292   -17.0546   28.2005
17.8136   -16.136   28.7194
17.6719   -15.1153   29.3009
17.4274   -14.1608   29.8623
17.1135   -13.2938   30.3916
16.7413   -12.5572   30.8667
16.3019   -11.8324   31.3518
15.7401   -11.1135   31.8694
15.0627   -10.3983   32.4337
2.74229   -22.6196   47.2999
3.43064   -23.3064   47.8518
4.23099   -23.9408   48.4289
4.92682   -24.3794   48.8914
5.4051   -24.638   49.1969
5.76428   -24.7975   49.4198
6.36368   -25.0196   49.7807
7.61316   -25.3297   50.5071
8.43449   -25.4408   50.9749
9.37368   -25.4435   51.5048
10.3321   -25.3603   52.047
12.2297   -24.8333   53.1576
13.0804   -24.4261   53.6873
13.8846   -23.9285   54.2261
15.8955   -21.968   55.8273
16.4082   -21.1977   56.3521
16.8421   -20.3816   56.8753
17.152   -19.6443   57.3275
17.4894   -18.3532   58.0938
17.6119   -17.3683   58.6636
17.5999   -16.1512   59.3601
17.458   -15.1572   59.9322
17.2185   -14.2293   60.4771
16.9433   -13.4946   60.9225
16.5299   -12.6749   61.4396
16.049   -11.9028   61.9488
15.5518   -11.2751   62.3927
14.8846   -10.5887   62.922
2.32888   -21.9358   76.6242
2.8294   -22.5412   77.0647
3.51317   -23.2139   77.6048
4.30207   -23.8371   78.1695
5.18644   -24.3763   78.7489
6.0687   -24.7773   79.2893
8.05548   -25.2653   80.4287
8.97078   -25.3358   80.9384
9.86428   -25.2918   81.4368
10.859   -25.1504   81.9945
12.5857   -24.5587   83.0019
13.4075   -24.113   83.5129
15.5052   -22.254   85.0551
16.0542   -21.48   85.5756
16.5098   -20.676   86.08
16.8313   -19.921   86.5294
17.1942   -18.646   87.2556
17.3367   -17.6432   87.8085
17.3668   -17.0904   88.1074
17.3266   -16.1738   88.5554
17.1935   -15.2102   89.0264
17.0312   -14.5257   89.3641
16.6922   -13.6038   89.8333
16.3063   -12.8002   90.2604
15.8296   -12.0594   90.6859
15.232   -11.2898   91.1565
14.7128   -10.7697   91.5058
2.38479   -21.9182   103.747
2.88485   -22.4568   104.117
3.61496   -23.0786   104.601
4.43599   -23.6288   105.103
5.65044   -24.2121   105.789
6.56479   -24.5024   106.273
8.43181   -24.7446   107.223
10.1107   -24.5942   108.075
11.0457   -24.348   108.565
11.9958   -23.9908   109.082
-4.24691   -16.3318   13.9399
-5.02293   -15.8825   14.4971
-3.33941   -16.7689   28.838
-3.34387   -16.7728   41.9857
9.42367   13.6218   22.8233
9.38394   14.6427   23.6876
9.40699   15.6667   24.5536
9.49401   16.6798   25.411
9.63731   17.6724   26.2617
9.82744   18.6391   27.1066
10.0589   19.5718   27.934
10.2799   20.2724   28.5683
10.6585   21.2884   29.5069
11.0266   22.133   30.3062
11.5885   23.1963   31.3518
12.01   23.9068   32.0707
12.7476   24.9493   33.1836
13.3261   25.6643   33.983
14.1534   26.5705   35.0499
14.8561   27.2435   35.8931
15.8826   28.0992   37.0443
16.6919   28.6761   37.8984
17.5424   29.2065   38.7596
18.4246   29.6826   39.6181
19.328   30.0992   40.4645
20.2412   30.4543   41.2919
20.88   30.6649   41.8601
21.8385   30.9239   42.6999
22.7764   31.1244   43.5121
23.5558   31.2548   44.1831
24.4887   31.3449   44.9774
16.6332   -0.396292   86.6535
17.5627   -0.520615   91.4952
18.3487   -0.63633   95.5913
19.2801   -0.781355   100.447
20.0488   -0.908856   104.458
-14.7186   -10.7834   35.9216
-15.9711   -11.86   39.1577
-16.7163   -12.5153   41.1018
-17.4537   -13.1745   43.0398
-18.1831   -13.8374   44.9709
-18.6871   -14.3015   46.3121
-18.9044   -14.5034   46.8926
-19.4069   -14.9768   48.2454
-20.231   -15.7639   50.4786
-21.8356   -17.3386   54.8831
-22.5147   -18.0224   56.7702
-23.329   -18.8573   59.0539
-23.9904   -19.5458   60.9231
-24.8878   -20.4979   63.4876
-25.5404   -21.2028   65.3711
-26.3635   -22.1095   67.7703
-27.0025   -22.8252   69.6488
-27.6336   -23.5416   71.5177
-28.1317   -24.1181   73.0092
-28.7499   -24.8424   74.8722
-29.3592   -25.5665   76.7229
-29.8539   -26.1659   78.2463
-23.8848   -19.9703   62.5011
-24.1952   -19.7947   62.7158
-23.9053   -19.9798   63.2789
-23.9109   -19.95   64.9836
-23.939   -19.9327   65.7156
-23.9612   -20.0037   66.5518
-23.9759   -20.0506   67.5941
-24.0271   -20.015   68.5565
-24.0187   -20.0602   69.6645
