22.8463   -24.7189   83.97
22.9227   -24.8278   83.4935
22.8847   -24.7132   82.7578
22.9698   -24.851   82.3639
23.1358   -24.8134   81.9325
22.9391   -24.6911   81.5811
22.9825   -24.8454   81.2122
23.1298   -24.8192   80.8226
23.0118   -24.8522   80.1043
9.04114   13.7565   37.146
9.35845   13.9932   38.0555
9.83796   14.3347   39.41
10.6659   14.8797   41.6868
11.5217   15.3899   43.9706
12.3977   15.8594   46.2538
13.2911   16.2866   48.5304
13.8424   16.5254   49.9097
14.7875   16.8912   52.2321
15.7333   17.2061   54.5136
17.1111   17.5802   57.7782
18.1607   17.8057   60.2332
19.8062   18.0557   64.0534
20.5812   18.1221   65.8408
21.3663   18.1645   67.6449
22.1488   18.171   69.4377
23.8937   18.0924   73.4344
24.8852   17.981   75.7085
25.9252   17.8256   78.1141
26.8004   17.6458   80.1629
30.2658   16.5687   88.4544
31.1561   16.1804   90.6676
32.3282   15.5896   93.6629
33.2019   15.0901   95.9633
34.0486   14.5496   98.2511
34.8633   13.9731   100.514
35.6432   13.3665   102.757
36.1428   12.9468   104.237
36.8797   12.2693   106.503
37.57   11.5755   108.72
-15.7113   -10.1412   19.7948
-16.4832   -10.7701   20.8428
-17.2446   -11.4055   21.8869
-17.7429   -11.8301   22.576
-18.4932   -12.4832   23.6229
-19.2325   -13.1418   24.6646
-19.9609   -13.8056   25.7016
-20.6785   -14.4741   26.7341
-21.2739   -15.0428   27.6001
-21.9746   -15.7274   28.6307
-22.9421   -16.698   30.0715
-23.6155   -17.3917   31.0867
-24.4496   -18.2762   32.3625
-24.9869   -18.8591   33.1943
-25.7998   -19.7624   34.4688
-25.9651   -19.9497   34.7303
-26.434   -20.4889   35.4777
-27.3267   -21.5383   36.9187
-27.9298   -22.2692   37.9099
-28.5206   -22.9999   38.8928
-29.0099   -23.6217   39.72
-29.5807   -24.3614   40.6964
-30.0673   -25.0051   41.5396
-30.6175   -25.7525   42.509
6.37728   15.4506   20.2198
6.98238   16.1731   21.3457
7.62597   16.8943   22.4998
8.13018   17.4229   23.3686
8.82099   18.1027   24.5176
9.54576   18.7704   25.6902
10.3034   19.4225   26.884
10.7947   19.8238   27.642
11.0926   20.056   28.0943
11.6979   20.509   29.0003
12.5272   21.089   30.2118
13.5854   21.7731   31.7188
14.0304   22.0393   32.3398
14.4151   22.2623   32.8726
14.8929   22.5231   33.5186
16.0261   23.0957   35.0199
16.9759   23.5327   36.26
18.3329   24.0876   38.0076
19.2149   24.4056   39.1241
19.8602   24.6147   39.9307
21.0688   24.9602   41.4277
21.7749   25.1371   42.2956
22.7239   25.3403   43.4565
23.6566   25.5093   44.5923
24.4416   25.6261   45.5429
25.3684   25.7308   46.6595
26.2706   25.8084   47.7458
27.1123   25.846   48.7612
27.9903   25.8636   49.8221
28.8674   25.8484   50.8846
29.7147   25.8152   51.91
30.6133   25.7464   52.9845
31.5379   25.6518   54.0885
