-16.7338   3.21924   -8.44398
-17.3382   3.44248   -8.76814
-18.2608   3.80359   -9.26685
-19.1815   4.18515   -9.76946
-20.0992   4.58659   -10.275
-21.0127   5.00729   -10.7828
-21.9208   5.44715   -11.2932
-22.8223   5.90606   -11.8062
-23.8968   6.48314   -12.4258
-24.7689   6.97771   -12.9356
-25.9176   7.66741   -13.6176
-26.7851   8.21489   -14.1402
-27.8203   8.89838   -14.7727
-28.2838   9.21564   -15.0583
-30.0541   10.5085   -16.1716
-30.8559   11.1323   -16.6873
-32.4847   12.4852   -17.7619
-33.227   13.1424   -18.264
-33.9509   13.8078   -18.761
-34.4572   14.2866   -19.1132
-34.6567   14.4806   -19.2534
-35.1583   14.9801   -19.6087
-35.8383   15.6779   -20.0973
-36.4981   16.3798   -20.5805
9.50683   13.7059   44.6759
9.95743   14.4406   46.9867
10.4151   15.1988   49.3598
10.8603   15.9444   51.6856
11.306   16.7031   54.0412
11.7456   17.4591   56.3824
12.1792   18.2179   58.7221
12.6127   18.9839   61.0783
13.1089   19.8752   63.8074
13.5591   20.6934   66.3053
14.1298   21.7504   69.518
14.5123   22.4677   71.6928
15.1022   23.5962   75.1013
15.531   24.4303   77.6123
16.0911   25.5376   80.9335
16.4614   26.282   83.1584
17.0502   27.4848   86.7427
17.443   28.3043   89.1743
17.8341   29.1302   91.6197
18.1838   29.8807   93.8363
18.5671   30.7144   96.294
18.9062   31.4619   98.4936
19.2816   32.303   100.962
19.6549   33.1506   103.444
19.9768   33.8957   105.617
20.3413   34.7505   108.105
-6.95767   -15.1645   55.8974
-7.27891   -16.0609   59.0736
-7.53051   -16.7829   61.6232
-7.83608   -17.6871   64.8037
-8.14303   -18.5906   67.9877
-8.39161   -19.3113   70.5358
-8.69469   -20.2173   73.7299
-8.99213   -21.1316   76.9466
-9.27358   -22.0264   80.0854
-9.55059   -22.935   83.2635
-9.91001   -24.1582   87.5308
-10.1656   -25.0592   90.6671
-10.454   -26.1223   94.3555
-10.6925   -27.0377   97.5254
-11.0398   -28.4346   102.351
-11.2631   -29.3716   105.581
