-11.1549   12.8884   -3.48371
-11.6482   13.2887   -3.61036
-11.9399   13.5203   -3.6849
-12.4306   13.8985   -3.80872
-13.2294   14.497   -4.0079
-14.0427   15.0825   -4.2081
-14.8704   15.6541   -4.40946
-15.7116   16.2107   -4.6118
-16.5656   16.7515   -4.81549
-17.6042   17.3778   -5.06065
-18.4892   17.8849   -5.26617
-19.811   18.6006   -5.5675
-20.7075   19.0585   -5.76794
-22.0283   19.6939   -6.05944
-22.9525   20.1104   -6.26121
-24.2634   20.6642   -6.54456
-25.1812   21.0273   -6.74086
-25.7831   21.2544   -6.86852
-27.1133   21.7211   -7.14778
-28.051   22.0273   -7.34324
-28.9864   22.3143   -7.53687
-29.659   22.5068   -7.67492
-30.6046   22.7615   -7.86846
-31.5447   22.9965   -8.05999
-32.2652   23.1646   -8.20597
16.4698   7.78803   20.9638
17.283   8.36965   22.137
17.7662   8.7259   22.8409
18.0826   8.96409   23.3053
18.568   9.33881   24.024
19.3538   9.96319   25.1997
20.1237   10.5981   26.3679
20.8767   11.2428   27.5281
21.6129   11.8964   28.6808
22.1156   12.3584   29.4803
22.8306   13.0382   30.6353
24.1786   14.3853   32.8645
25.6597   15.9853   35.4157
26.5536   17.0195   37.0128
27.8926   18.6736   39.4929
28.4656   19.4232   40.5914
29.2202   20.4513   42.0756
29.7466   21.205   43.1458
30.2548   21.9539   44.1992
30.7138   22.6612   45.1799
31.1885   23.4154   46.2164
31.6334   24.1544   47.2203
32.7983   23.8511   46.9459
33.1757   22.2085   44.9046
33.3258   21.2205   43.6982
33.4234   20.2133   42.464
33.472   19.1956   41.1999
33.459   18.1682   39.9152
33.3751   17.1546   38.6611
33.2395   16.1597   37.4712
33.0602   15.1878   36.3261
32.8374   14.2548   35.2143
32.5947   13.5463   34.3334
32.2273   12.6893   33.1172
31.0012   10.7489   30.0314
-8.86473   -13.7224   81.6361
-9.56473   -13.8928   84.99
-10.5075   -14.062   89.452
-11.4101   -14.1674   93.6726
-12.244   -14.2048   97.4921
-13.102   -14.2047   101.416
-13.9938   -14.1292   105.495
