-16.6686   0.0482964   2.12629
-17.4761   0.143865   2.34311
-18.4019   0.265311   2.59085
-19.1857   0.379273   2.80052
-20.1136   0.53026   3.0498
-21.0511   0.69632   3.30109
-21.8003   0.840894   3.50144
-22.7358   1.03788   3.751
-23.8071   1.28467   4.0375
-24.522   1.46245   4.23077
-25.8499   1.82281   4.59604
-26.7912   2.09567   4.85761
-28.0441   2.48798   5.21118
-28.9881   2.80717   5.48084
-30.1215   3.21567   5.80795
-31.0514   3.56815   6.07686
-32.5249   4.1675   6.50962
-33.0767   4.40732   6.67303
-33.9855   4.81949   6.94195
-34.8901   5.25003   7.21218
-35.788   5.69971   7.48297
-36.6773   6.1698   7.75215
-37.5578   6.65963   8.02007
-38.4264   7.16918   8.28651
-39.2812   7.7001   8.5501
3.75369   -16.996   70.3527
4.28517   -17.7403   73.9352
4.76504   -18.3752   77.0572
4.85608   -18.4901   77.6311
5.36085   -19.0943   80.7356
5.99817   -19.8109   84.5204
6.684   -20.5205   88.4144
7.19223   -20.9985   91.173
7.92943   -21.6478   95.0679
8.70212   -22.2753   99.0231
9.43231   -22.8192   102.652
3.12849   -17.2072   18.9267
3.22268   -18.2052   20.004
3.3077   -19.2055   21.083
3.38316   -20.2082   22.1639
3.44883   -21.2131   23.2459
3.50449   -22.2198   24.329
3.54988   -23.228   25.4125
3.58516   -24.2375   26.496
3.60909   -25.1475   27.4724
3.6254   -26.178   28.578
3.63169   -27.5278   30.0261
3.62916   -28.0598   30.597
3.62512   -28.5036   31.0731
3.61706   -29.0421   31.6509
3.58958   -30.2114   32.9056
3.55435   -31.249   34.0192
3.47908   -32.8597   35.749
3.42116   -33.8314   36.7933
3.31298   -35.3354   38.4109
3.22854   -36.3361   39.49
3.13431   -37.3339   40.5675
3.07402   -37.9228   41.2039
3.03024   -38.3295   41.6437
2.96247   -38.9244   42.2875
2.84099   -39.9225   43.3693
-16.5882   1.63155   90.9219
-17.5306   1.89142   96.2121
-18.4772   2.17173   101.551
-19.1279   2.3773   105.231
-3.09289   17.294   88.5111
-3.38266   18.2172   93.3567
-3.681   19.1291   98.1573
-3.92487   19.8501   101.965
-4.24246   20.7518   106.751
