16.6326   1.75855   0.137637
17.4715   1.70577   0.142601
18.3789   1.63217   0.148105
19.1946   1.55503   0.153281
20.1097   1.44841   0.15866
21.0374   1.32642   0.163934
21.8191   1.20922   0.168281
22.7494   1.05237   0.173391
23.7835   0.858645   0.17931
24.7297   0.663473   0.18507
25.9553   0.376712   0.192733
26.6578   0.199711   0.197093
28.0471   -0.183669   0.205671
28.9931   -0.466297   0.210919
30.0175   -0.795462   0.21585
30.9493   -1.11675   0.220301
32.3216   -1.62392   0.227109
33.2496   -1.99183   0.232252
34.1756   -2.37885   0.237921
35.0983   -2.78452   0.244279
36.0169   -3.20952   0.250912
36.9299   -3.65427   0.257783
37.4221   -3.90425   0.261652
37.836   -4.11919   0.264632
38.3072   -4.37199   0.266809
39.1836   -4.8579   0.270307
-2.85696   32.6368   -13.589
-3.68187   32.4899   -13.8133
-4.58883   32.1583   -14.0751
-5.42829   31.627   -14.3439
-6.10544   30.9772   -14.595
-6.93117   29.5195   -15.0462
-7.16485   28.4667   -15.3344
-7.18061   27.9533   -15.473
-6.979   26.8006   -15.7844
-6.69473   26.0502   -15.9971
-5.94339   25.0216   -16.3474
-5.17995   24.3812   -16.6275
-4.30021   23.9262   -16.9034
-3.42685   23.6718   -17.155
-2.62126   23.6417   -17.3786
-3.37219   32.4084   -20.9051
-4.24143   32.2484   -21.1375
-5.15667   31.8901   -21.3971
-5.98666   31.3322   -21.666
-6.63498   30.6678   -21.9189
-7.32401   29.3431   -22.3268
-7.4963   28.6896   -22.5065
-7.54166   28.2731   -22.6187
-7.54214   27.7695   -22.7548
-7.30732   26.5691   -23.0837
-6.95835   25.8683   -23.2926
-6.2049   24.9091   -23.6303
-5.42639   24.3267   -23.9048
-4.33661   23.8804   -24.2383
-3.4654   23.7267   -24.493
-2.63016   23.7825   -24.7333
-3.86418   32.1528   -28.6626
-4.73658   31.9064   -28.9483
-5.59644   31.4603   -29.2566
-6.32135   30.8592   -29.5576
-7.31631   29.0321   -30.2425
-7.43243   28.0417   -30.5694
-7.20576   26.6904   -31.0213
-6.85949   25.9183   -31.3062
-5.9532   24.903   -31.772
-5.04876   24.3458   -32.1419
-4.29577   24.0907   -32.4203
-3.50102   24.0115   -32.7002
-2.6886   24.0758   -32.9874
-4.36104   32.0036   -37.279
-5.25178   31.719   -37.618
-6.08844   31.2107   -37.9755
-6.73731   30.5681   -38.3144
-7.33731   29.4677   -38.7827
-7.49969   28.7826   -39.0478
-7.52621   27.8465   -39.4062
3.20795   28.8017   -11.9715
4.01026   28.8933   -12.2795
5.169   28.3573   -12.7817
5.60799   27.5194   -13.1509
5.62427   26.5833   -13.5207
5.01426   25.5942   -13.9983
4.17564   25.1944   -14.3664
3.24272   25.2442   -14.7102
3.29583   28.8712   -16.1039
4.27156   28.6946   -16.2321
4.96854   27.946   -16.3805
5.08475   26.9601   -16.5331
4.19059   25.8768   -16.7227
3.26001   25.7611   -16.8159
3.36356   28.6375   -17.468
4.2031   28.4156   -17.6247
4.83154   27.8094   -17.7646
4.95993   26.951   -17.8992
4.23087   25.7842   -18.1344
3.16827   25.6446   -18.3202
3.38113   28.6326   -19.2117
4.13949   28.2469   -19.3061
4.51618   27.4082   -19.4096
3.9088   26.2498   -19.5436
3.12235   26.0042   -19.6167
3.57652   28.0327   -20.5506
4.08408   27.3204   -20.8654
3.73063   26.372   -21.257
3.01451   26.0698   -21.533
3.28298   27.4905   -22.5473
3.44237   26.4649   -22.9347
2.86877   26.1223   -23.1465
2.96072   26.7389   -25.0758
2.73541   26.8483   -27.0367
2.53775   26.9631   -27.5336
