-5.97905   15.6136   -2.60495
-5.69767   16.5177   -2.68192
-5.42051   17.2399   -2.73843
-5.04719   18.0831   -2.80586
-4.65069   18.8427   -2.8724
-4.19882   19.5818   -2.93533
-3.67854   20.3328   -2.99072
-3.19413   20.962   -3.03443
-2.5731   21.668   -3.0872
2.47249   25.1308   -3.64474
3.07498   25.3512   -3.69973
3.72968   25.5521   -3.76077
4.68372   25.7728   -3.84909
6.25969   25.9967   -3.98869
7.1039   26.0452   -4.06215
7.98345   26.0407   -4.14047
8.89172   25.9765   -4.22483
10.6365   25.6939   -4.37684
11.5522   25.4418   -4.44524
12.4787   25.1177   -4.51284
13.4008   24.7206   -4.57733
14.3033   24.2566   -4.65111
15.1732   23.7312   -4.73417
15.9995   23.1518   -4.81361
16.765   22.5234   -4.88909
17.4615   21.86   -4.96328
18.7359   20.3192   -5.12084
19.2302   19.562   -5.18852
19.6618   18.7838   -5.25758
20.0175   18.0335   -5.32346
20.5106   16.7278   -5.42723
20.7884   15.7796   -5.49929
20.933   15.1103   -5.54708
21.0793   14.1501   -5.61191
21.1648   13.1385   -5.67895
21.1807   12.1162   -5.74326
21.1189   11.0973   -5.80306
20.982   10.1017   -5.85807
20.7796   9.14351   -5.9084
20.5899   8.44044   -5.94661
20.5238   8.23035   -5.96108
20.2592   7.51935   -6.01297
19.8952   6.66882   -6.07716
19.5128   5.91202   -6.13702
19.0679   5.16047   -6.19792
18.5534   4.40804   -6.26021
18.0682   3.78607   -6.31393
17.431   3.09098   -6.38011
16.718   2.41253   -6.45305
-16.5153   -6.03181   71.2736
-16.7215   -6.07637   72.1169
-17.4622   -6.22274   75.1132
-18.3981   -6.39467   78.8857
-19.1674   -6.52537   81.9801
-20.1024   -6.66916   85.7357
-21.0289   -6.80062   89.4478
-21.8257   -6.90342   92.6336
-22.7485   -7.00905   96.3167
-23.8823   -7.12329   100.834
-24.5513   -7.17818   103.5
-25.9542   -7.27354   109.092
13.8296   -11.3531   51.7066
14.6682   -11.9177   54.6643
15.1328   -12.2255   56.294
15.5148   -12.4742   57.6274
15.9746   -12.7701   59.2277
16.3691   -13.0209   60.5954
16.8247   -13.3069   62.1684
17.6802   -13.8349   65.1087
18.542   -14.3546   68.0503
19.4091   -14.8651   70.9918
20.3754   -15.4191   74.2478
20.8704   -15.6974   75.9074
21.177   -15.8677   76.9316
21.6801   -16.1423   78.6039
22.8965   -16.7901   82.6264
23.8651   -17.2901   85.8076
24.8569   -17.7875   89.0431
25.3966   -18.053   90.7979
25.6712   -18.1858   91.6888
26.2175   -18.4463   93.4574
27.264   -18.9343   96.8348
28.2622   -19.3859   100.041
29.8006   -20.0561   104.955
30.7226   -20.4434   107.883
9.01721   14.0314   23.6964
9.29746   14.7629   24.6392
9.60043   15.6618   25.7812
9.87817   16.5945   26.9532
10.0585   17.2782   27.8041
10.2672   18.2265   28.9738
10.4427   19.1987   30.167
10.5828   20.1896   31.3757
10.6901   21.2332   32.6427
10.7564   22.2113   33.8268
10.7862   23.7758   35.717
10.7491   24.8299   36.9928
10.6535   25.9893   38.4004
10.5333   26.9221   39.5392
10.4213   27.563   40.3276
10.1377   28.8854   41.9666
9.87877   29.8786   43.2183
9.66782   30.5875   44.1248
9.28315   31.6885   45.5549
8.99341   32.4216   46.5237
8.62215   33.273   47.6685
8.26208   34.0312   48.7051
7.84016   34.8276   49.8174
7.40775   35.5936   50.9049
6.94798   36.3282   51.9846
6.44348   37.0879   53.1226
5.96056   37.7542   54.149
5.38632   38.4921   55.315
4.89464   39.0848   56.2745
4.25762   39.7872   57.4483
3.60726   17.1219   62.5026
3.94785   17.8741   65.4283
4.3488   18.6973   68.6946
4.75549   19.4928   71.8849
5.16906   20.2444   74.9436
5.60311   20.9999   78.0459
6.06521   21.7512   81.1832
6.52019   22.4627   84.1899
7.10843   23.3226   87.9051
7.6384   24.0638   91.1514
8.45943   25.1361   95.9471
9.76505   26.7007   103.19
10.3702   27.3716   106.394
