6.64775   -15.4358   -11.3148
7.14967   -16.029   -11.8276
7.78774   -16.7431   -12.4591
8.46085   -17.4521   -13.1017
8.96746   -17.952   -13.5697
9.68206   -18.6185   -14.2123
10.4274   -19.2714   -14.864
11.202   -19.9078   -15.5238
12.0176   -20.5334   -16.2013
12.8488   -21.1287   -16.8752
14.021   -21.8943   -17.7999
14.879   -22.4058   -18.46
15.8622   -22.9464   -19.2003
16.335   -23.1899   -19.5519
16.7694   -23.4035   -19.8721
17.2776   -23.6424   -20.2436
18.3394   -24.103   -21.009
19.2382   -24.4587   -21.648
19.8553   -24.6834   -22.0826
21.0475   -25.0688   -22.9114
21.9812   -25.3383   -23.5522
22.6766   -25.516   -24.0244
23.6218   -25.7304   -24.6619
24.5534   -25.914   -25.2853
25.3224   -26.0407   -25.7972
26.252   -26.1663   -26.4129
27.9859   -26.3251   -27.5607
28.8761   -26.3686   -28.1505
29.7392   -26.3792   -28.7219
2.26434   17.65   -2.74663
2.18498   18.6459   -2.89862
-2.75722   35.7865   -5.64562
-3.15609   36.5452   -5.78116
-3.58621   37.3208   -5.92141
-4.0231   38.0815   -6.05997
-4.47171   38.8249   -6.19649
-4.94601   39.5838   -6.33696
-11.3269   -12.6928   16.9549
-12.1853   -13.2303   17.9323
-13.0624   -13.7388   18.9086
-13.9546   -14.2182   19.8839
-14.8593   -14.667   20.8589
-15.7735   -15.0832   21.8304
-16.6941   -15.4658   22.7964
-17.6176   -15.8154   23.7538
-18.2428   -16.0321   24.3948
-19.1714   -16.3216   25.3366
-20.1518   -16.5966   26.3228
-20.8409   -16.7708   27.0113
-22.2729   -17.0699   28.4274
-23.1574   -17.222   29.295
-25.4956   -17.4885   31.5731
-26.3579   -17.5438   32.4112
-27.3086   -17.573   33.3337
-31.0508   -17.417   36.9656
-32.3034   -17.262   38.1847
-33.2277   -17.1106   39.0909
-34.1685   -16.9302   40.0177
-34.8939   -16.7705   40.7363
-35.8266   -16.5326   41.6682
-36.768   -16.2623   42.6161
-38.0446   14.8814   84.0249
2.53513   -22.7864   92.1779
3.00634   -23.4547   91.3649
3.56737   -24.1862   90.4492
4.17961   -24.9434   89.4824
4.79808   -25.6432   88.5609
5.71842   -26.6102   87.2446
6.42238   -27.2933   86.277
7.35573   -28.13   85.0372
8.1325   -28.7768   84.0355
9.06692   -29.4904   82.8669
9.8699   -30.0565   81.8881
11.2814   -30.9556   80.2213
12.1633   -31.4601   79.2113
13.0613   -31.9323   78.2041
13.9732   -32.3682   77.2007
14.894   -32.766   76.2052
15.8194   -33.1281   75.2212
16.7455   -33.4557   74.2497
17.3932   -33.661   73.5765
18.3434   -33.9293   72.5972
19.2842   -34.163   71.6351
20.2115   -34.3631   70.6939
20.968   -34.492   69.9395
