-11.4542   -12.5573   30.1928
-12.0406   -13.291   31.6235
-12.53   -13.9239   32.8415
-13.0853   -14.6707   34.2551
-13.6212   -15.414   35.6463
-14.0905   -16.0951   36.9044
-14.5938   -16.8464   38.2806
-15.0526   -17.5593   39.5713
-15.5919   -18.4319   41.1333
-16.0204   -19.149   42.4048
-16.6444   -20.2456   44.3237
-17.0734   -21.0396   45.6964
-17.6604   -22.1771   47.6434
-18.0067   -22.8801   48.8348
-18.5633   -24.0825   50.8467
-18.9263   -24.9044   52.2106
-19.4488   -26.1787   54.3006
-19.7325   -26.9106   55.4902
-20.0554   -27.7973   56.9208
-20.3683   -28.701   58.37
-20.6032   -29.4152   59.5082
-20.886   -30.3321   60.9625
-21.1563   -31.2642   62.4344
-21.4134   -32.2105   63.9214
-21.5851   -32.8943   64.9906
-21.8078   -33.8484   66.4749
12.2633   12.1062   31.7832
12.8332   12.8438   33.4825
13.3171   13.489   34.9544
13.8634   14.2352   36.6427
14.3429   14.9045   38.1458
14.8658   15.6577   39.8195
15.3764   16.4076   41.476
15.8392   17.108   43.0114
16.3862   17.9554   44.8568
16.8665   18.7194   46.5076
17.5314   19.8125   48.848
17.9422   20.5133   50.3345
18.5697   21.6192   52.6594
19.0145   22.4288   54.3472
19.5693   23.4759   56.5103
19.9771   24.2774   58.1504
20.5597   25.4589   60.5544
20.9465   26.2814   62.2157
21.3301   27.1183   63.8997
21.6606   27.8654   65.3949
22.0266   28.7177   67.0913
22.3348   29.4566   68.5556
22.68   30.3243   70.2646
23.0189   31.2059   71.9933
23.2886   31.9348   73.4151
23.6059   32.8287   75.1498
-11.6183   -12.3388   -7.22942
-12.372   -12.9805   -7.64698
-13.136   -13.6161   -8.06639
-13.911   -14.245   -8.48806
-14.6965   -14.8668   -8.91164
-15.4922   -15.4812   -9.33642
-15.9785   -15.8486   -9.59369
-16.7819   -16.4427   -10.0151
-17.6786   -17.0887   -10.4811
-18.4938   -17.6603   -10.9009
-19.7206   -18.4933   -11.527
-20.571   -19.052   -11.9566
-21.7448   -19.7993   -12.5447
-22.5957   -20.3244   -12.9675
-23.9632   -21.1402   -13.6408
-24.852   -21.6517   -14.0741
-26.1566   -22.3749   -14.704
-27.0484   -22.852   -15.1312
-27.9452   -23.3176   -15.5578
-28.8465   -23.7717   -15.9838
-29.7517   -24.2145   -16.4095
-30.6605   -24.6459   -16.8346
-31.5723   -25.0654   -17.2587
