16.8151   -8.342   -6.24344
17.5858   -8.98197   -6.57161
18.3325   -9.63516   -6.89604
19.0553   -10.2994   -7.21765
19.5623   -10.7849   -7.44851
20.2533   -11.4839   -7.77256
20.9185   -12.1884   -8.09246
21.5588   -12.8969   -8.40743
22.0555   -13.4764   -8.65728
23.2651   -14.9872   -9.28619
24.0289   -16.0251   -9.70327
24.5008   -16.6982   -9.96919
25.2079   -17.7785   -10.3873
25.6712   -18.5314   -10.674
26.3024   -19.6163   -11.0819
26.7204   -20.3861   -11.366
27.3409   -21.6054   -11.8099
27.6948   -22.355   -12.0797
28.066   -23.1975   -12.3802
28.4283   -24.064   -12.6868
28.7152   -24.8022   -12.9448
29.0422   -25.6924   -13.2533
29.2906   -26.4097   -13.5
29.5778   -27.3195   -13.8095
-13.2084   11.4323   48.2019
-14.1142   11.8505   50.8917
-15.027   12.2383   53.5651
-15.6104   12.4684   55.2587
-16.5544   12.8116   57.9768
-17.4967   13.1205   60.6618
-18.4341   13.395   63.3087
-19.1304   13.5794   65.2613
-20.0816   13.8002   67.9133
-21.0204   13.9894   70.5136
-21.7891   14.1249   72.631
-22.8151   14.2698   75.4298
-23.6075   14.3624   77.5756
-26.6898   14.5342   85.8585
-28.0813   14.5195   89.5852
-28.8389   14.4837   91.6162
-30.1482   14.3811   95.1421
-31.0084   14.2837   97.4701
-32.4384   14.0732   101.367
-33.1976   13.9318   103.46
-34.1351   13.7339   106.057
-35.081   13.5133   108.688
