16.7087   -3.11198   28.1842
17.4377   -3.27414   29.2664
14.7724   -10.81   14.105
15.6886   -11.2337   14.8667
16.6091   -11.6384   15.6255
17.5328   -12.0241   16.3814
18.4587   -12.3907   17.1331
19.3862   -12.7389   17.8807
20.0012   -12.9581   18.3738
20.9441   -13.2774   19.1265
21.8851   -13.577   19.873
22.8029   -13.8531   20.5971
26.636   -14.8143   23.5771
30.0984   -15.4274   26.2264
31.0332   -15.5522   26.9369
32.3592   -15.6984   27.9438
33.2685   -15.7795   28.6339
34.1016   -15.8366   29.2658
35.0005   -15.8856   29.9465
35.8543   -15.9183   30.5924
36.7399   -15.9372   31.2632
-16.5906   -2.39933   21.0303
-17.5325   -2.17302   21.7181
-18.4814   -1.92361   22.4146
-19.158   -1.72957   22.9142
-20.0943   -1.44108   23.611
-21.0335   -1.12829   24.3163
-21.974   -0.790605   25.0286
-22.5686   -0.56506   25.4829
-22.9135   -0.428439   25.7482
-23.6661   -0.115453   26.3309
-24.59   0.292592   27.0514
-25.7072   0.821283   27.9308
-26.5847   1.26784   28.631
-27.9321   2.00775   29.725
-28.8153   2.52808   30.4561
-29.8922   3.20137   31.3619
-30.3662   3.51377   31.7662
-31.1838   4.07419   32.4706
-32.1779   4.79393   33.3421
-32.6663   5.16208   33.7766
-32.9664   5.3966   34.0476
-33.4573   5.7901   34.4948
-34.2263   6.43215   35.2072
-34.9727   7.08653   35.9143
-35.6964   7.75128   36.6145
-36.2039   8.23426   37.114
-36.3976   8.4247   37.308
-36.8983   8.9329   37.8171
-37.5672   9.63636   38.5094
-38.711   10.9182   39.733
-4.63584   39.6737   4.29929
-4.14421   39.0615   3.63047
-3.60607   38.3081   2.83268
-3.14305   37.5771   2.08826
-2.72863   36.8111   1.34204
-2.32814   35.9903   0.547206
-2.57248   26.6082   -6.61773
-2.98852   25.7355   -7.33457
-3.75526   24.408   -8.46442
-4.2826   23.666   -9.13947
-4.88756   22.9139   -9.85824
-5.40306   22.3741   -10.4139
-6.11922   21.7107   -11.1439
-6.90374   21.0831   -11.8971
-7.74769   20.5064   -12.6627
-8.64216   19.9967   -13.4293
-9.56587   19.564   -14.18
-10.5019   19.2063   -14.9141
-11.4334   18.9239   -15.629
-12.1569   18.7515   -16.1746
-13.1102   18.6035   -16.8797
-14.0157   18.5162   -17.5427
-14.8095   18.4932   -18.1164
-15.6853   18.5366   -18.7482
-16.6466   18.65   -19.4486
-17.3963   18.7829   -20.0023
-18.4204   19.0705   -20.7753
-19.3527   19.4065   -21.4953
-19.9078   19.6542   -21.9375
-21.0256   20.2603   -22.8705
-21.8735   20.8126   -23.6147
-22.7575   21.4831   -24.436
-23.5035   22.1601   -25.1846
-24.4846   23.2355   -26.2687
-25.0369   23.9621   -26.9548
-25.488   24.6716   -27.5999
-25.9035   25.418   -28.2571
-26.2728   26.2469   -28.9559
-26.6107   27.1494   -29.7055
-26.8158   27.854   -30.2822
-27.0213   28.802   -31.0489
-27.1558   29.7913   -31.8405
-24.1564   0.0126807   28.1409
-24.2571   0.0445297   28.9398
-24.1391   0.0387145   29.8365
-24.2459   0.158448   30.6348
-24.1691   0.113026   31.4783
-24.2594   0.198441   32.2193
-24.1974   0.118002   33.207
-24.2797   0.234052   33.8354
-24.2898   -0.0837101   34.262
-24.2103   0.0380748   34.8319
-24.276   -0.00474525   35.7153
-24.2265   0.0939828   36.5148
-24.2738   0.103678   37.7211
-24.2244   0.123087   38.2433
-24.1947   -0.0128838   38.8677
-24.0901   0.0113509   39.7037
-24.1608   -0.0483684   40.3072
-24.1429   -0.0648723   41.7003
