16.5982   4.51524   17.4113
17.3928   3.91532   17.8621
18.134   3.27894   18.305
18.6396   2.79053   18.6243
19.2984   2.06755   19.0709
19.8855   1.34114   19.5003
20.3607   0.665389   19.881
20.8239   -0.0953997   20.289
21.242   -0.888718   20.6954
21.5799   -1.63521   21.0666
21.9055   -2.51226   21.493
22.1902   -3.44927   21.939
22.3564   -4.12602   22.2567
22.53   -5.08218   22.7
22.6409   -6.06789   23.1507
22.6807   -7.0703   23.6053
22.6471   -8.07346   24.0605
22.5454   -9.06326   24.5112
22.3835   -10.0266   24.9457
22.2313   -10.696   25.249
21.9533   -11.6433   25.689
21.6298   -12.5278   26.1063
21.2983   -13.277   26.4662
20.8798   -14.0774   26.8625
20.424   -14.8436   27.2549
19.6136   -15.9582   27.8645
18.9751   -16.6974   28.2989
18.4653   -17.2259   28.6264
18.2521   -17.4256   28.7589
17.7283   -17.8749   29.0738
16.9244   -18.4834   29.5365
16.0637   -19.0408   30.0109
15.1634   -19.5349   30.4886
14.2373   -19.9567   30.9651
13.3036   -20.3028   31.4335
12.6143   -20.5018   31.7695
11.6393   -20.7137   32.2315
10.7059   -20.8548   32.6611
9.62709   -20.9239   33.1433
8.75818   -20.9192   33.5304
7.85699   -20.8533   33.9333
7.07067   -20.7564   34.2872
6.15255   -20.5725   34.7054
5.21044   -20.3267   35.1407
4.25527   -20.0104   35.5951
3.67912   -19.7822   35.8751
3.30124   -19.6127   36.0597
2.79767   -19.3607   36.3157
16.4987   2.39544   56.6151
17.1705   1.72514   57.0093
17.6533   1.13079   57.329
18.1792   0.382055   57.711
18.627   -0.362504   58.0779
19.0077   -1.11855   58.4388
19.3606   -1.97673   58.8362
19.6767   -2.9014   59.2585
19.8558   -3.59677   59.5777
20.0388   -4.55717   60.0204
20.1466   -5.55324   60.4787
20.1636   -6.56655   60.9497
20.0904   -7.57199   61.4239
19.9352   -8.54727   61.8901
19.7098   -9.47779   62.3423
19.4779   -10.1835   62.6895
19.1222   -11.0548   63.1279
18.74   -11.8234   63.5264
18.2705   -12.5577   63.9406
17.7091   -13.3072   64.3857
17.2126   -13.8748   64.7397
16.5223   -14.537   65.1838
15.7527   -15.1615   65.6419
14.9134   -15.7268   66.1106
14.0228   -16.2167   66.5839
13.1016   -16.6156   67.0493
12.1762   -16.9195   67.4987
11.4618   -17.0981   67.8374
10.5049   -17.2456   68.2792
9.61137   -17.316   68.6871
8.73979   -17.2994   69.0826
7.9327   -17.232   69.4503
7.02209   -17.0594   69.8668
6.07846   -16.7996   70.3046
5.12472   -16.4347   70.7587
15.8334   -10.079   79.1495
16.0101   -11.0812   79.4193
16.0656   -12.1226   79.6923
15.9768   -13.1662   79.9709
15.7596   -14.1444   80.251
15.4585   -15.0333   80.5167
15.101   -15.7812   80.7479
14.651   -16.5157   80.981
14.072   -17.2403   81.2296
13.3389   -17.9428   81.5057
12.8472   -18.3389   81.6875
12.5224   -18.5818   81.8115
12.056   -18.8764   81.9754
11.2076   -19.3222   82.2612
10.6182   -19.5492   82.4521
9.64019   -19.7954   82.7696
8.72912   -19.9124   83.0665
7.85973   -19.9115   83.3492
7.06294   -19.8259   83.6038
6.15125   -19.6003   83.8867
5.21994   -19.2529   84.1818
4.32075   -18.7669   84.4858
3.51982   -18.1563   84.7779
2.84678   -17.4813   85.0426
8.49888   -13.754   88.0937
7.67061   -14.2143   88.2781
8.46751   -13.7272   96.9223
-3.45771   17.1742   31.429
-3.54792   18.1761   33.0069
-3.61957   19.1826   34.5889
-3.67234   20.1927   36.1752
-3.70619   21.205   37.7646
-3.72132   22.2188   39.3567
-3.71759   23.2329   40.9483
-3.69484   24.2463   42.5383
-3.66421   25.055   43.808
-3.63756   25.5607   44.6024
-3.60512   26.0991   45.4476
-3.56845   26.6219   46.2691
-3.49593   27.5174   47.6763
-3.43824   28.1169   48.6187
-3.33515   29.0618   50.1059
-3.10817   30.7553   52.7764
-2.9379   31.8058   54.4386
-2.65637   33.3229   56.8463
-2.46897   34.2263   58.2853
15.6595   10.2994   17.323
16.5876   10.6833   18.2505
17.5179   11.0465   19.1718
18.4491   11.3886   20.0858
19.38   11.7102   20.9938
20.021   11.9184   21.6155
20.9661   12.2089   22.5282
21.9076   12.4787   23.4334
22.8447   12.7283   24.3307
23.6423   12.9242   25.0904
24.5899   13.1377   25.9879
25.9114   13.405   27.2325
26.7081   13.5489   27.9802
27.9307   13.7435   29.1238
28.8718   13.8703   30.0015
30.1547   14.0165   31.1949
31.0053   14.0934   31.9845
32.3885   14.1894   33.267
33.2349   14.226   34.0511
34.1212   14.253   34.872
34.9872   14.261   35.6747
35.8573   14.257   36.4813
36.7398   14.2358   37.3
37.5908   14.2039   38.0893
13.2066   -11.4944   83.0459
14.0269   -12.0744   87.7893
14.8548   -12.6468   92.5415
15.6903   -13.2111   97.3027
16.5328   -13.7671   102.067
17.3819   -14.3153   106.836
-5.37002   16.1078   33.461
-5.69276   16.854   35.0476
-6.06988   17.6989   36.8533
-6.45027   18.5343   38.6454
-6.80035   19.2831   40.2606
-7.19341   20.1053   42.0416
-7.56182   20.8587   43.6809
-7.96783   21.6665   45.4474
-8.42495   22.5537   47.3972
-8.84734   23.3543   49.1647
-9.43991   24.4434   51.5844
-9.88729   25.2463   53.3773
-10.4879   26.2906   55.724
-10.9556   27.0854   57.5203
-11.5867   28.1239   59.8893
-12.0281   28.8351   61.5215
-12.7809   30.0151   64.2511
-13.2451   30.7225   65.901
-13.7487   31.4765   67.669
-14.2193   32.1657   69.2968
-14.7417   32.9151   71.0783
-15.2174   33.5856   72.6817
-15.7589   34.3294   74.4769
-16.3118   35.0756   76.2888
-16.799   35.7177   77.8622
-17.3709   36.4562   79.6854
