16.5245   -3.80809   72.856
17.4585   -4.13823   77.0952
18.3924   -4.48088   81.3543
19.3261   -4.83677   85.6327
20.2591   -5.20693   89.9317
20.8319   -5.44095   92.5824
21.7516   -5.8268   96.8574
22.6691   -6.22525   101.149
23.7863   -6.72841   106.407
-4.17783   16.785   24.0951
-4.63361   17.5045   25.2659
-5.14428   18.2531   26.5113
-5.61899   18.9146   27.6294
-6.18607   19.6448   28.8974
-6.788   20.3781   30.2001
-7.28659   20.9518   31.2434
-7.9382   21.6519   32.5553
-8.75513   22.4738   34.1437
-9.47433   23.1475   35.4925
-10.381   23.934   37.1346
-11.1712   24.5748   38.5264
-12.1351   25.2931   40.1728
-12.9377   25.8482   41.5098
-14.1828   26.6332   43.5239
-15.0905   27.1541   44.9552
-16.5547   27.9091   47.2112
-17.4721   28.3295   48.593
-18.3965   28.7145   49.9606
-19.3239   29.0649   51.3114
-20.2507   29.3807   52.6437
-20.9071   29.5802   53.5753
-21.8543   29.8438   54.9199
-22.793   30.0747   56.2502
-23.5288   30.2338   57.2863
-24.4742   30.4032   58.6072
-25.4014   30.5434   59.8983
-26.2043   30.6411   61.0127
-9.4771   -13.791   17.2874
-10.2129   -14.4599   17.9332
-10.7144   -14.8967   18.3649
-11.4717   -15.5328   19.007
-12.2486   -16.1563   19.6545
-13.0462   -16.7649   20.3086
-13.8622   -17.3574   20.9669
-14.6948   -17.9341   21.6274
-15.5117   -18.4719   22.2654
-16.3788   -19.0177   22.9342
-17.4027   -19.6299   23.713
-18.2604   -20.115   24.3563
-18.7356   -20.3743   24.7097
-19.8918   -20.9717   25.5588
-20.8209   -21.4231   26.2329
-22.2261   -22.0581   27.2413
-23.129   -22.4371   27.8828
-24.5765   -22.9988   28.9004
-25.5053   -23.3304   29.5466
-26.1392   -23.5414   29.9834
-27.0844   -23.8374   30.6306
-28.026   -24.1115   31.2714
-28.9634   -24.3647   31.9058
-29.6673   -24.5394   32.3799
-30.6119   -24.755   33.0137
-31.548   -24.9504   33.6396
7.84909   -14.6609   41.047
8.37144   -15.4141   43.3136
8.85075   -16.0853   45.3528
9.3953   -16.8323   47.638
9.87958   -17.4807   49.638
10.4459   -18.2191   51.939
11.0262   -18.9596   54.2663
11.5212   -19.5729   56.2161
12.1906   -20.3845   58.8182
12.8091   -21.1149   61.1856
13.5981   -22.0188   64.1516
14.2187   -22.7105   66.4453
15.0927   -23.6551   69.6195
15.7565   -24.3513   71.9923
16.5943   -25.2032   74.9415
17.2789   -25.88   77.3188
18.2912   -26.8474   80.7779
19.0148   -27.5192   83.2175
19.5172   -27.9758   84.8958
20.2545   -28.6298   87.3342
21.0026   -29.2783   89.7835
21.7624   -29.9207   92.2439
22.5335   -30.5562   94.7138
23.316   -31.1848   97.1949
23.808   -31.5687   98.7396
