-14.0174   11.0885   5.79399
-14.6855   11.7884   6.1012
-15.1904   12.3302   6.33636
-15.8378   13.0467   6.64293
-16.4698   13.7647   6.94664
-16.9707   14.3466   7.19054
-17.581   15.0781   7.49382
-18.1767   15.8092   7.79396
-18.7947   16.5911   8.11129
-20.0543   18.2617   8.77745
-20.5881   19.0077   9.06922
-21.3096   20.0469   9.47209
-22.4764   21.8183   10.1517
-22.9465   22.5673   10.4361
-23.6419   23.7201   10.8696
-24.083   24.4753   11.1515
-24.5114   25.2389   11.4342
-25.3409   26.7782   11.9975
-25.7544   27.5785   12.2872
-26.1296   28.3346   12.559
-26.5258   29.1547   12.8523
-26.8764   29.9052   13.1198
6.53617   -15.5595   27.0946
6.68483   -16.2278   28.1778
6.88158   -17.1926   29.737
7.06008   -18.1693   31.3095
7.22018   -19.1563   32.8929
7.36172   -20.1524   34.4854
7.43754   -20.7569   35.4498
7.48353   -21.157   36.0869
7.54324   -21.7472   37.0237
7.6433   -22.9333   38.9027
7.70672   -23.9641   40.5323
7.75383   -25.1986   42.4794
7.76634   -26.1598   43.9925
7.76508   -26.7016   44.8451
7.733   -28.0551   46.9682
7.68288   -29.1158   48.6314
7.58459   -30.4625   50.7481
7.49346   -31.4082   52.2369
7.2464   -33.3667   55.3291
7.08927   -34.3556   56.8969
6.91306   -35.334   58.4529
6.71939   -36.3015   59.9975
6.5753   -36.9674   61.0631
6.34734   -37.93   62.6102
6.10451   -38.8802   64.1442
5.84655   -39.8156   65.6625
15.9393   10.0777   90.9496
16.0631   11.067   91.0317
16.151   11.6873   91.083
16.2071   12.0484   91.1131
16.3102   12.6771   91.1689
16.4883   13.6601   91.2577
16.6846   14.6312   91.3453
16.8982   15.5897   91.4311
17.0619   16.2687   91.4922
17.3263   17.2812   91.5854
17.5903   18.2227   91.6798
18.0046   19.5763   91.821
18.2447   20.2965   91.8979
18.6955   21.5649   92.0348
19.0295   22.4415   92.13
19.5008   23.5658   92.2497
19.8369   24.3186   92.3292
20.4502   25.5867   92.4623
20.8437   26.3396   92.5356
21.2685   27.1145   92.6084
21.7045   27.8706   92.6785
22.1493   28.611   92.7499
22.6259   29.3648   92.8296
23.0874   30.0696   92.9066
23.6026   30.815   92.9902
24.1409   31.5672   93.0789
16.5587   4.58967   91.0263
17.1179   5.33707   91.4042
17.608   5.97121   91.7283
18.189   6.7084   92.1084
18.6818   7.32066   92.427
19.2824   8.04734   92.8105
19.8973   8.77442   93.1983
20.3969   9.35148   93.5088
21.0309   10.0657   93.8973
21.6776   10.779   94.2885
22.1805   11.323   94.5894
22.8441   12.022   94.9819
23.7239   12.9239   95.4946
24.4039   13.6023   95.8851
26.4049   15.4986   97.0052
29.3101   18.0108   98.5657
29.7889   18.4013   98.8167
30.0851   18.6386   98.9709
31.2268   19.5327   99.5605
31.7137   19.9015   99.8104
32.5167   20.4958   100.219
33.3301   21.0803   100.628
34.1538   21.6556   101.038
12.1061   12.0147   97.5181
11.5217   12.7508   98.2313
11.0277   13.3271   98.8102
10.3688   14.0126   99.5364
9.65645   14.6842   100.287
8.8937   15.3327   101.056
8.08434   15.951   101.838
7.61326   16.2803   102.279
7.23067   16.5285   102.63
6.77927   16.806   103.038
6.34572   17.059   103.425
5.91799   17.2944   103.802
5.43461   17.5442   104.224
5.03807   17.7383   104.568
4.50296   17.9757   105.022
3.56172   18.3505   105.808
2.61928   18.6699   106.581
16.2414   2.30392   92.3647
16.6767   1.54795   93.8226
17.1072   0.790911   95.2774
17.5353   0.0229444   96.7462
17.951   -0.732838   98.187
18.3704   -1.51398   99.6667
18.7891   -2.30524   101.161
19.18   -3.06248   102.583
19.589   -3.86581   104.089
19.9655   -4.62066   105.498
20.3649   -5.43517   107.013
20.7263   -6.18706   108.407
14.7468   10.5765   103.654
14.5144   11.522   105.421
14.3257   12.2135   106.724
14.0469   13.1462   108.495
