-7.01217   15.1471   40.5511
-7.18823   16.13   42.9749
-7.33223   17.1268   45.4329
-7.40638   17.7282   46.9122
-7.44974   18.1341   47.9089
-7.50336   18.7169   49.3399
-7.57391   19.7122   51.7804
-7.61749   20.713   54.228
-7.63323   21.7156   56.6758
-7.61154   22.9565   59.7034
-7.55649   24.027   62.3178
-7.41668   25.6048   66.1801
-7.30454   26.5077   68.3974
-7.21523   27.1287   69.9256
-7.02316   28.2266   72.6338
-6.80413   29.291   75.2727
-6.31611   31.2037   80.0695
-6.07127   32.0241   82.1543
-5.84653   32.7157   83.9278
-5.2506   34.341   88.1486
-4.89935   35.2009   90.4098
-4.56946   35.9443   92.3882
-4.17985   36.7708   94.6129
-3.80207   37.5263   96.6696
-3.38085   38.3155   98.8477
-2.95288   39.0765   100.975
-2.5042   39.8212   103.094
16.6196   -4.54237   17.1911
17.5511   -4.69931   18.1402
18.3259   -4.82157   18.9282
19.2562   -4.95922   19.8724
20.1806   -5.08781   20.8087
20.9755   -5.18828   21.6119
21.8967   -5.29742   22.5419
22.707   -5.38568   23.3592
23.7574   -5.48814   24.4184
24.615   -5.56363   25.2823
25.8767   -5.65769   26.5522
26.7962   -5.71662   27.4782
28.0088   -5.77891   28.6999
28.8912   -5.81553   29.5884
30.1421   -5.85051   30.8474
31.0451   -5.86727   31.7558
32.3645   -5.8719   33.0805
33.2356   -5.86439   33.9551
34.1196   -5.84863   34.8425
34.9799   -5.82455   35.7057
35.8721   -5.79131   36.6008
36.7215   -5.75192   37.4533
37.6204   -5.70141   38.3562
38.4579   -5.64781   39.1982
39.3629   -5.57948   40.11
16.6025   1.99014   40.9721
17.4939   2.01393   43.161
18.3752   2.03103   45.324
19.2431   2.03652   47.4556
20.1143   2.03603   49.5947
20.9925   2.02279   51.7503
21.8812   2.00338   53.9312
22.7401   1.9738   56.0378
23.7327   1.9311   58.4726
24.6401   1.8817   60.6999
25.9623   1.79358   63.945
26.7011   1.7345   65.7598
27.9941   1.61861   68.9396
28.884   1.52694   71.1337
30.1287   1.38609   74.2067
31.072   1.26776   76.5383
32.3032   1.09811   79.5863
33.23   0.957658   81.8857
34.163   0.808185   84.2035
34.9299   0.677886   86.1129
35.863   0.509531   88.4429
36.8014   0.332078   90.7898
37.5469   0.184151   92.6572
38.4838   -0.0114888   95.0062
39.4257   -0.218188   97.3716
40.1457   -0.383731   99.1831
16.6457   2.03434   41.6101
16.6762   1.99178   42.1766
16.6806   2.03613   42.8783
-11.2798   12.7444   89.9069
-12.0869   13.3475   95.2625
-12.9089   13.9363   100.644
-13.3797   14.2621   103.694
-13.7489   14.5096   106.06
-8.77274   -14.1194   5.90221
-9.36659   -14.8541   6.22943
-9.86313   -15.4534   6.49891
-10.4773   -16.1764   6.82722
-11.1066   -16.8991   7.15904
-11.609   -17.4603   7.41999
-12.2586   -18.1681   7.75278
-12.9222   -18.874   8.08842
-13.6764   -19.6542   8.46429
-14.1944   -20.1746   8.71861
-15.1926   -21.1515   9.20351
-15.9063   -21.8288   9.54552
-16.7579   -22.6123   9.94813
-17.4955   -23.272   10.2926
-18.5327   -24.1701   10.7702
-19.295   -24.8092   11.1169
-20.2528   -25.586   11.5473
-21.0372   -26.2025   11.8957
-21.8328   -26.8107   12.2453
-22.6395   -27.41   12.5956
-23.4561   -28.0002   12.9467
-24.2821   -28.5816   13.2986
-24.7543   -28.9073   13.4988
-25.1173   -29.1537   13.6523
-25.5848   -29.4662   13.8491
-26.4247   -30.0152   14.2
5.52463   -15.7605   59.0443
5.89184   -16.0063   60.4455
6.34939   -16.2977   62.1674
6.77439   -16.5503   63.7353
7.19961   -16.7815   65.2762
7.70297   -17.028   67.0662
8.64997   -17.4252   70.3351
9.59973   -17.7469   73.5329
10.5383   -17.9988   76.6258
11.2853   -18.1585   79.0487
12.2348   -18.2834   82.0974
13.1374   -18.3568   84.9778
13.9964   -18.3735   87.7128
15.0456   -18.331   91.0555
15.8519   -18.2363   93.6328
16.6787   -18.0956   96.3024
17.2764   -17.9637   98.2506
18.0768   -17.7324   100.924
18.8774   -17.4507   103.666
19.6684   -17.1163   106.463
-16.6266   5.51685   31.6201
-17.5611   5.69547   33.3288
-18.3209   5.8304   34.7151
-19.2551   5.9848   36.4142
-20.1817   6.12713   38.0942
-20.9691   6.23558   39.5175
-21.8927   6.35272   41.1842
-22.7004   6.44543   42.6387
-23.7518   6.55035   44.5306
-24.6315   6.62779   46.1125
-25.8483   6.71459   48.2986
-26.7783   6.76719   49.9688
-27.9934   6.81824   52.1498
-28.8972   6.8421   53.7711
-30.1143   6.85649   55.9538
-31.0279   6.85402   57.5917
-32.3707   6.8303   59.9975
-33.2274   6.80147   61.5329
-34.123   6.75997   63.1386
-34.9651   6.7118   64.6486
-35.8685   6.6475   66.2693
-36.6947   6.58102   67.7525
-37.6045   6.49459   69.3872
-38.5243   6.39779   71.0419
-39.3282   6.30202   72.4915
