-8.43125   14.2859   15.4053
-8.80979   15.122   16.2554
-9.18445   15.9707   17.115
-9.50108   16.7158   17.8659
-9.8586   17.5785   18.7322
-10.1549   18.3155   19.469
-10.4934   19.1911   20.339
-10.8252   20.0801   21.2176
-11.1457   20.9783   22.1002
-11.4543   21.8736   22.9765
-11.8592   23.1053   24.1765
-12.0722   23.7764   24.8282
-12.1506   24.03   25.0737
-12.4655   25.0837   26.0902
-12.7303   26.0122   26.9828
-13.0297   27.1075   28.0316
-13.1072   27.4027   28.3132
-13.2709   28.0466   28.9258
-13.5947   29.3837   30.1943
-13.8105   30.3407   31.0995
-14.0163   31.3056   32.0097
-14.212   32.2778   32.9245
-14.3966   33.2574   33.844
-14.5099   33.8978   34.4438
-14.6729   34.8768   35.3597
-14.8249   35.8617   36.28
-14.9657   36.852   37.2039
13.1522   -11.4927   -19.6535
14.0806   -11.7148   -20.6611
14.829   -11.8541   -21.4645
15.7608   -11.9915   -22.4549
16.5766   -12.0839   -23.3185
17.4929   -12.1405   -24.2935
18.3682   -12.1649   -25.2222
19.244   -12.1364   -26.1504
20.1602   -12.0765   -27.1222
20.9736   -11.9792   -27.9867
21.9069   -11.8316   -28.9844
22.6458   -11.6856   -29.7794
23.6722   -11.4268   -30.8928
24.6011   -11.1402   -31.9099
25.8356   -10.6863   -33.2771
26.7358   -10.2942   -34.295
28.0611   -9.61859   -35.8364
28.9604   -9.08905   -36.917
30.0297   -8.37662   -38.2534
30.7926   -7.80591   -39.2478
16.6721   -7.39338   81.6516
17.6102   -7.66107   86.012
18.2968   -7.84593   89.1888
19.241   -8.08824   93.5414
20.1806   -8.31566   97.8543
20.9032   -8.48083   101.162
21.8466   -8.68354   105.47
15.5304   -10.294   4.20509
16.0329   -10.8601   4.37986
16.6474   -11.5918   4.60061
17.2345   -12.3228   4.8173
17.721   -12.9603   5.00278
18.2634   -13.7092   5.21649
18.7391   -14.3964   5.40941
19.2326   -15.1568   5.61928
19.7644   -16.0184   5.85301
20.2046   -16.7692   6.05289
20.8152   -17.8916   6.34665
21.1952   -18.6427   6.53948
21.7502   -19.814   6.83755
22.08   -20.5668   7.02744
22.5939   -21.8379   7.34489
22.859   -22.5606   7.5225
23.2895   -23.8385   7.83277
23.5653   -24.7598   8.05408
23.8228   -25.7017   8.27871
24.0605   -26.6625   8.50604
24.206   -27.3302   8.66263
24.3949   -28.2977   8.88863
24.5606   -29.2793   9.11679
24.7015   -30.2734   9.34618
24.8153   -31.2784   9.57681
