-13.0293   -11.7046   69.3402
-14.2118   -12.9222   76.0687
-14.8804   -13.6248   79.9136
-15.5425   -14.3289   83.7452
-16.0464   -14.8708   86.6793
-16.6988   -15.5823   90.5049
-17.3441   -16.2948   94.3141
-18.0022   -17.032   98.2312
-18.5965   -17.7059   101.793
-19.4686   -18.7098   107.066
15.6603   10.2895   43.6863
16.584   10.6884   45.9864
17.511   11.0664   48.2728
18.44   11.4227   50.5473
19.3692   11.7567   52.8071
20.0006   11.9699   54.3298
20.9458   12.2709   56.5919
21.8882   12.5525   58.8358
22.8268   12.8153   61.0607
23.5898   13.0158   62.8606
24.5301   13.2447   65.0667
25.8984   13.5484   68.2573
26.7291   13.716   70.186
28.0417   13.951   73.2247
28.9798   14.0998   75.3909
30.1361   14.2593   78.0608
31.0125   14.3612   80.096
32.3763   14.4949   83.2546
33.2089   14.5606   85.177
34.1144   14.6136   87.2636
35.0079   14.6541   89.3238
35.8614   14.6782   91.2875
36.7407   14.693   93.3093
37.6119   14.6911   95.3065
2.63888   17.6012   61.4506
3.53351   17.738   63.8604
4.37438   17.7536   66.1312
5.20962   17.7208   68.395
6.10325   17.5786   70.9045
7.04915   17.3072   73.6556
7.98844   16.8741   76.558
8.85862   16.3101   79.4525
9.62393   15.6574   82.2339
10.2654   14.9636   84.8372
10.7417   14.2928   87.111
11.1597   13.5322   89.5241
11.508   12.6706   92.1293
13.8455   11.3474   29.7929
14.7096   11.8803   31.3092
15.5848   12.3966   32.8271
16.4699   12.8958   34.3461
17.3635   13.3771   35.8658
18.2665   13.8395   37.3855
19.175   14.2827   38.9018
20.0892   14.7081   40.4182
20.9424   15.0878   41.8239
21.4713   15.3141   42.6898
21.9064   15.4948   43.3986
22.4591   15.7161   44.2907
23.3518   16.0602   45.7233
23.9644   16.2849   46.7007
24.8458   16.5936   48.0981
26.3587   17.0819   50.4769
27.3613   17.3778   52.0419
28.9466   17.8015   54.4954
30.5226   18.1711   56.9235
32.389   18.5424   59.7875
33.3183   18.7023   61.2059
34.0921   18.8225   62.3791
35.019   18.9543   63.7824
35.8188   19.0551   64.992
9.354   13.7257   45.0336
9.6497   14.6362   47.5422
9.93036   15.5663   50.0913
10.1238   16.2603   51.9874
10.3608   17.2025   54.5553
10.5766   18.1631   57.1586
10.7706   19.1393   59.7893
10.8847   19.7757   61.5002
10.9412   20.1302   62.4578
11.0535   20.9054   64.5517
11.1703   21.8439   67.0789
11.2999   23.2514   70.8583
11.3578   24.2926   73.6496
11.3912   25.4887   76.854
11.3921   26.0443   78.3406
11.3742   26.9801   80.8392
11.2956   28.4922   84.8514
11.2444   29.0639   86.3556
11.1892   29.5887   87.747
11.0397   30.7581   90.8695
10.9475   31.381   92.5378
10.8909   31.7395   93.5004
10.7823   32.3707   95.2019
10.5935   33.3501   97.8459
10.3828   34.3139   100.454
10.1524   35.261   103.027
9.96609   35.9515   104.914
9.69088   36.8862   107.487
12.9891   37.9369   82.1261
12.2681   37.5384   77.3116
11.6629   37.9783   73.2148
12.8845   38.0501   59.9956
12.3088   37.7628   56.8255
11.7701   38.0987   54.176
12.1984   38.6303   43.8147
12.8961   38.2104   32.6727
12.3865   38.4596   30.4088
12.0326   38.7188   27.3407
11.9589   38.6168   21.7014
11.3789   38.3137   20.9663
10.7941   38.6224   20.2332
11.8505   38.617   16.8559
11.2997   38.264   16.123
10.6549   38.5346   15.3653
11.2877   38.2518   11.9948
10.6359   38.5166   11.4705
11.871   38.5836   9.57606
11.3147   38.2283   9.27143
10.6373   38.5131   8.91191
11.233   38.3301   6.92891
10.6453   38.5628   6.5727
10.7324   38.6407   4.07571
11.8493   38.6547   0.832982
11.3242   38.367   0.830195
10.8222   38.6397   0.883506
10.7575   38.6997   0.426487
6.86772   37.6767   108.056
6.15992   37.4895   106.054
5.30408   37.5811   103.646
4.44557   37.9804   101.025
3.79988   38.5898   98.6314
3.4592   39.3792   96.3449
7.75691   39.0119   67.29
6.95462   38.6046   63.983
6.04916   38.667   60.6353
5.18628   39.3494   56.474
4.86284   39.9875   53.8318
7.00112   39.3148   22.4116
5.93547   39.7207   17.2231
7.01071   39.2907   -14.8172
6.2932   39.3106   -17.9718
5.85645   39.6567   -20.4133
4.43923   40.0107   -29.4896
5.07462   39.8378   -30.4407
4.34759   39.8286   -35.1494
4.968   39.7635   -35.8971
4.53569   40.0266   -38.8216
5.12486   39.7671   -39.6624
-5.15947   32.2824   109.445
-5.63033   32.0454   108.974
-6.01214   31.8593   108.595
-6.50523   31.627   108.107
-7.38525   31.2296   107.242
-8.26987   30.8524   106.381
-10.021   30.1706   104.7
-10.9143   29.8554   103.853
-13.9102   28.9621   101.054
-14.8568   28.7299   100.18
-15.7952   28.5202   99.3179
-16.5387   28.3687   98.6366
-17.4803   28.2005   97.7762
-18.4093   28.0534   96.9301
-19.1999   27.9444   96.2127
-20.1245   27.8368   95.3763
-21.0335   27.747   94.5554
-21.8614   27.6869   93.8103
-22.7588   27.6355   93.0046
-23.6124   27.6066   92.2404
-24.4928   27.5929   91.4521
-25.369   27.5996   90.6667
-26.2279   27.6217   89.8969
-27.1217   27.6654   89.0953
-27.9543   27.7206   88.3483
-28.8616   27.8058   87.5317
