3.19592   17.2601   6.73187
3.47829   18.1865   7.10877
3.76849   19.103   7.48271
4.00311   19.8186   7.77562
4.31322   20.726   8.14863
4.6305   21.6223   8.51832
4.89716   22.3507   8.81996
5.23364   23.2357   9.18807
5.62921   24.241   9.60767
5.92544   24.9656   9.91152
6.43521   26.1665   10.4175
6.80359   27.0047   10.7725
7.32653   28.147   11.2592
7.67611   28.886   11.5758
8.24634   30.0482   12.0763
8.63547   30.8143   12.408
9.26456   32.0074   12.9288
9.69117   32.7866   13.2716
10.1159   33.5463   13.6073
10.5547   34.306   13.9459
11.0026   35.0659   14.2862
11.4526   35.8049   14.6198
11.9239   36.5631   14.9641
12.3833   37.2812   15.293
12.8769   38.0363   15.6409
-14.1918   10.9603   -18.2401
-14.7435   11.7061   -19.1694
-15.2223   12.3832   -19.9999
-15.7268   13.1416   -20.9147
-16.2066   13.8918   -21.8104
-16.6465   14.629   -22.6744
-17.078   15.3806   -23.547
-17.4935   16.1602   -24.4337
-17.9612   17.0874   -25.476
-18.3013   17.8039   -26.2729
-18.8248   19.0062   -27.5935
-19.1693   19.8647   -28.5257
-19.5883   21.0164   -29.7617
-19.8918   21.9316   -30.7346
-20.2371   23.0747   -31.944
-20.4912   24.0113   -32.9286
-20.7953   25.293   -34.2656
-20.9901   26.2605   -35.2676
-21.1595   27.2439   -36.2822
-21.3026   28.2402   -37.3065
-21.3764   28.8402   -37.9216
-21.4176   29.2489   -38.3397
-21.469   29.8278   -38.9303
