4.23722   -16.7698   65.0548
4.72376   -17.3856   67.7079
5.34462   -18.0925   70.8918
6.01204   -18.795   74.1735
6.72442   -19.4859   77.536
7.22776   -19.9353   79.8172
7.98565   -20.5628   83.1326
8.77939   -21.1652   86.4838
9.80235   -21.8649   90.6433
10.5862   -22.3465   93.7292
11.7008   -22.9618   97.9967
12.6783   -23.4303   101.626
14.2942   -24.0864   107.476
-5.30306   -16.1303   82.3165
-5.72218   -16.8919   86.6141
-6.16434   -17.6504   90.9545
-6.62348   -18.4121   95.3548
-7.08227   -19.1356   99.5958
-7.57626   -19.8924   104.066
-4.97736   16.2866   98.3634
-5.37053   17.1107   103.688
7.33762   14.8214   15.3669
8.02422   15.495   16.2132
8.75282   16.1532   17.0792
9.52426   16.7893   17.9618
10.3316   17.3981   18.8526
11.1743   17.9777   19.7534
11.6292   18.268   20.2292
12.0493   18.5168   20.66
12.4817   18.7645   21.0996
12.9475   19.0138   21.5651
13.7916   19.4314   22.3957
14.7338   19.8512   23.3049
16.3208   20.4426   24.7948
17.2204   20.7188   25.6206
17.9117   20.9044   26.2485
19.2073   21.1821   27.413
20.1735   21.3448   28.275
20.9818   21.4427   28.9932
22.1601   21.5405   30.0398
22.989   21.5626   30.7774
23.812   21.5641   31.5104
24.6687   21.5269   32.2796
25.5549   21.462   33.0787
27.0418   21.2695   34.4292
27.965   21.091   35.2741
28.9074   20.8711   36.1455
29.8644   20.6049   37.0423
30.5064   20.3928   37.6543
31.4283   20.0479   38.5472
32.3435   19.6522   39.4785
33.2178   19.1595   40.636
34.0306   18.5778   41.9777
34.788   17.9551   43.2973
35.297   17.4832   44.2307
35.9679   16.757   45.564
36.5639   16.0278   46.8344
37.0486   15.3644   47.9432
37.5328   14.5982   49.1692
37.97   13.8205   50.3728
38.6857   12.1941   52.7745
39.5252   8.60222   57.7644
39.5987   7.58384   59.1349
39.6009   6.55701   60.5105
39.5312   5.53761   61.8798
39.3937   4.53929   63.2263
39.1956   3.57469   64.5363
38.9476   2.65161   65.8043
38.7036   1.94045   66.7985
38.3533   1.06775   68.038
37.9998   0.305756   69.1405
37.5613   -0.475419   70.3112
37.0823   -1.24341   71.4943
36.5961   -1.91324   72.5743
36.0009   -2.64561   73.8104
35.3291   -3.37334   75.1096
34.8181   -3.85564   76.0397
34.0706   -4.49222   77.3439
33.2648   -5.08902   78.6788
32.4099   -5.63416   80.0235
30.8526   -6.43398   82.3307
30.3483   -6.64785   83.0527
29.9637   -6.79366   83.6006
28.8532   -7.14758   85.1567
27.94   -7.37965   86.4136
26.6825   -7.59212   88.1158
25.9182   -7.66582   89.1396
24.6175   -7.70294   90.871
23.816   -7.67783   91.9337
22.666   -7.54433   93.4689
21.9051   -7.3963   94.4978
20.9663   -7.16046   95.7792
20.0132   -6.8541   97.1057
19.4257   -6.63079   97.9406
19.0591   -6.47125   98.4705
18.5375   -6.22302   99.2385
17.6705   -5.75513   100.551
16.8373   -5.23202   101.865
16.3591   -4.89395   102.648
