4.75176   16.6337   15.1305
4.79558   17.2018   15.6425
4.82418   17.6483   16.0439
4.85305   18.199   16.5385
4.88623   19.1974   17.4342
4.89312   20.1982   18.3324
4.8752   21.1988   19.2297
4.85646   21.7356   19.7106
4.83314   22.1981   20.1237
4.7989   22.7543   20.6202
4.76672   23.1923   21.0113
4.71362   23.7682   21.5283
4.63765   24.4863   22.1746
4.5628   25.1006   22.729
4.42298   26.0645   23.6025
4.15415   27.5674   24.9726
3.93965   28.5727   25.8949
3.48252   30.3782   27.5666
3.22344   31.2682   28.3988
2.62872   33.062   30.093
16.4176   -0.176864   20.5242
16.8809   0.11938   21.2318
17.2288   0.364705   21.7791
17.712   0.739029   22.5683
18.4744   1.40024   23.8742
19.1717   2.08802   25.136
19.8052   2.78861   26.3474
20.2882   3.40908   27.3566
20.8039   4.16012   28.5268
21.2486   4.90965   29.6487
21.6346   5.66581   30.7455
21.999   6.51374   31.9447
22.3262   7.43444   33.2206
22.5125   8.13663   34.1766
22.7121   9.09526   35.4593
22.8487   10.0894   36.7696
22.9142   11.1051   38.0944
22.9056   12.1275   39.421
22.8181   13.1397   40.7423
22.5887   14.4307   42.4464
22.3576   15.3143   43.6345
22.1313   16.0213   44.6013
21.4884   17.517   46.7197
21.0425   18.3504   47.9498
20.5317   19.1249   49.157
19.1329   20.8246   52.0139
18.4743   21.4455   53.1922
17.756   22.0312   54.4129
16.9832   22.5698   55.6641
16.1691   23.0548   56.9232
15.3256   23.4804   58.1875
14.4645   23.8428   59.45
13.598   24.141   60.6891
11.0271   24.6411   64.2226
10.0931   24.7004   65.4822
9.14689   24.6834   66.7538
7.12471   24.4372   69.4807
6.21998   24.225   70.7214
5.56031   24.0148   71.6501
4.44312   23.5772   73.2617
3.54946   23.1365   74.6021
2.68977   22.6239   75.9489
16.5696   -4.62121   25.3766
17.4008   -5.18268   26.8206
18.2072   -5.76899   28.2568
18.9866   -6.37672   29.6802
19.4821   -6.7888   30.6087
20.2302   -7.4526   32.0522
20.9413   -8.13178   33.4742
21.6133   -8.82185   34.8702
22.1154   -9.37607   35.9548
22.733   -10.1073   37.3428
23.7628   -11.4528   39.8021
24.3245   -12.2619   41.2317
24.7956   -13.0002   42.4992
26.7939   -16.8871   48.8357
27.1061   -17.67   50.0565
27.519   -18.8449   51.8634
27.8004   -19.7647   53.2598
28.1647   -21.1699   55.3708
28.3726   -22.147   56.8253
28.4871   -22.7883   57.7752
28.6301   -23.7656   59.2181
28.7392   -24.7567   60.6777
28.8132   -25.7579   62.1494
28.8493   -26.7653   63.6256
28.8457   -27.7746   65.0988
