-10.3072   -13.3122   11.6076
-10.8113   -13.8322   12.105
-11.4949   -14.5214   12.7726
-12.1902   -15.207   13.4442
-12.898   -15.889   14.1191
-13.4018   -16.3647   14.5949
-14.123   -17.0304   15.2715
-14.8553   -17.6912   15.9529
-15.5499   -18.3058   16.5943
-16.3013   -18.9536   17.2813
-17.412   -19.8845   18.2847
-18.1807   -20.5101   18.9711
-19.0585   -21.2066   19.7465
-19.8546   -21.8207   20.4416
-20.9151   -22.6147   21.3567
-21.7161   -23.1969   22.0407
-22.8905   -24.0258   23.034
-23.7199   -24.592   23.7288
-24.5574   -25.1495   24.4253
-25.4028   -25.6975   25.1228
-26.2561   -26.2352   25.8201
-27.1166   -26.763   26.5171
-27.9839   -27.2805   27.214
-28.8576   -27.7874   27.9113
