33.914   1.74691   103.461
33.418   0.955292   104.164
33.3998   0.0412018   104.841
33.8318   -0.789804   105.532
34.2988   -1.12637   105.96
34.9934   -1.2279   106.501
35.6733   -1.11156   107.031
36.1276   -0.784162   107.454
36.5665   0.0415064   108.201
36.5309   0.939911   108.965
-10.498   -13.1291   59.0752
-10.9145   -13.929   62.2597
-11.2847   -14.6865   65.2425
-11.6743   -15.5171   68.4881
-12.006   -16.2643   71.3814
-12.3673   -17.12   74.6737
-12.6642   -17.8538   77.4774
-12.9959   -18.7312   80.7979
-13.3835   -19.8184   84.8843
-13.6844   -20.7249   88.2617
-14.0083   -21.7883   92.1842
-14.2626   -22.6863   95.4742
-14.576   -23.9158   99.9377
-14.7899   -24.8352   103.257
-15.0482   -26.0981   107.671
-10.1794   -12.9988   57.0528
-9.65347   -13.3064   57.9479
-10.3337   -13.1182   60.2304
-9.78893   -13.4122   61.1977
-10.2314   -12.8027   63.7231
-10.2353   -12.8212   65.4641
-10.3149   -12.8689   66.0131
-10.2304   -12.7848   65.1181
-10.2184   -12.7868   64.1201
-10.2047   -12.8067   63.2232
-10.2097   -12.771   62.2312
-10.2087   -12.7783   61.0251
-10.1651   -12.7862   59.9009
