-8.958   13.9068   44.8215
-9.69812   14.5556   47.4148
-10.4645   15.1896   50.034
-11.2563   15.8067   52.6731
-12.0739   16.404   55.331
-12.9118   16.9784   57.9969
-13.3741   17.2824   59.4497
-13.7687   17.5321   60.676
-14.2194   17.8087   62.065
-14.6469   18.0609   63.3697
-15.4038   18.4822   65.6558
-16.2197   18.9108   68.0929
-17.5252   19.539   71.9256
-18.0078   19.7551   73.3257
-18.5126   19.9691   74.7735
-19.0471   20.1825   76.2916
-20.0307   20.5334   79.0482
-20.6728   20.7455   80.8313
-21.5147   20.9952   83.1414
-23.2106   21.4246   87.7392
-24.279   21.6475   90.6064
-26.2729   21.9639   95.9071
-27.0809   22.056   98.0421
-27.9964   22.1343   100.454
-28.8423   22.1888   102.68
-29.7394   22.2155   105.039
-30.6108   22.2253   107.329
-10.157   -13.3368   19.3344
-10.6005   -14.0784   20.3124
-11.0424   -14.8345   21.3029
-11.4742   -15.5973   22.2945
-11.8925   -16.3528   23.272
-12.3114   -17.1352   24.2768
-12.7067   -17.8892   25.2414
-13.1102   -18.6901   26.2583
-13.9206   -20.3777   28.3768
-14.4491   -21.5495   29.8286
-14.7882   -22.3278   30.788
-15.3059   -23.5703   32.3106
-15.5846   -24.2654   33.1576
-16.0785   -25.5548   34.7195
-16.3599   -26.3238   35.646
-16.8391   -27.7009   37.2968
-17.0768   -28.416   38.1499
-17.366   -29.3298   39.2346
-17.6466   -30.2548   40.3279
-17.9182   -31.1901   41.4293
-18.1104   -31.8855   42.2455
-18.3604   -32.8271   43.3481
-18.601   -33.7778   44.4583
-18.7656   -34.4542   45.2462
-18.8322   -34.736   45.5734
-18.9877   -35.4086   46.3512
-13.5953   -19.6229   27.6105
-13.6298   -19.8245   35.4589
-13.4361   -19.7925   43.352
-13.5211   -19.7518   44.0827
-13.4901   -19.703   44.9899
-13.569   -19.6855   45.4926
-13.5535   -19.7032   46.3685
-13.6296   -19.6406   47.0236
-13.6475   -19.7101   47.8842
-13.7062   -19.6363   48.4523
10.128   13.3197   33.0332
10.5289   14.1241   34.786
10.9254   14.9509   36.5742
11.2638   15.7026   38.1815
11.632   16.5559   39.9937
11.9343   17.2945   41.5496
12.2728   18.1698   43.378
12.6016   19.0635   45.2363
12.8895   19.9007   46.9695
13.1835   20.813   48.8482
13.5621   22.0927   51.4657
13.7724   22.8651   53.0351
14.0769   24.1014   55.5317
14.2849   25.0427   57.423
14.5445   26.3718   60.0735
14.7131   27.3631   62.0393
14.9168   28.779   64.8408
15.0346   29.7774   66.8134
15.1318   30.7827   68.7952
15.2075   31.7936   70.7825
15.2609   32.8091   72.7783
15.2805   33.3442   73.8295
15.2917   33.8272   74.7781
15.2982   34.3432   75.7911
15.298   34.8477   76.7808
15.2922   35.3423   77.7506
15.2794   35.8669   78.7779
15.264   36.343   79.709
15.2391   36.8835   80.7649
12.2513   18.7517   44.8475
12.2235   18.6593   45.236
12.2301   18.7326   45.5879
12.225   18.6663   45.9695
12.206   18.7271   46.4249
12.2214   18.6656   46.9213
12.1817   18.7353   47.2279
12.2174   18.6769   47.4847
-16.6534   -1.93458   -4.02695
-17.478   -1.85874   -4.23115
-18.3979   -1.75814   -4.4588
-19.192   -1.65522   -4.65559
-20.1174   -1.5124   -4.88459
-21.0562   -1.34855   -5.11582
-21.804   -1.20232   -5.29989
-22.7399   -1.00087   -5.53213
-23.6902   -0.775343   -5.76909
-24.6297   -0.527763   -6.00394
-25.999   -0.128951   -6.34778
-26.658   0.0826758   -6.51441
-28.1442   0.602239   -6.89367
-28.7307   0.824577   -7.04496
-30.2961   1.46853   -7.45408
-30.8527   1.71532   -7.60144
-32.3994   2.45337   -8.01641
-33.2981   2.91732   -8.26148
-34.187   3.40279   -8.50756
-35.0648   3.91005   -8.75401
-35.929   4.43886   -8.99982
-36.7781   4.98795   -9.24501
-37.6107   5.55629   -9.48997
-38.426   6.14196   -9.7339
-39.2235   6.74307   -9.97598
7.20726   14.7273   33.8243
7.73319   14.9659   34.9584
8.68268   15.334   36.956
9.63047   15.621   38.8985
10.5578   15.8323   40.7589
11.334   15.9523   42.2875
12.2525   16.0307   44.0846
13.1261   16.0528   45.7888
13.9834   16.0089   47.4597
14.9072   15.9059   49.2676
15.6626   15.7729   50.7572
16.5865   15.5397   52.6091
17.5252   15.2367   54.5359
18.4641   14.853   56.5255
19.3814   14.3914   58.5312
20.2649   13.8563   60.5377
21.0924   13.2578   62.5187
21.8566   12.6133   64.454
22.554   11.9394   66.3266
23.0629   11.3834   67.7809
23.4118   10.9556   68.845
23.8955   10.2745   70.4585
24.4247   9.42601   72.3866
24.8692   8.58126   74.2195
25.5001   7.0386   77.4161
25.7442   6.19815   79.0911
25.94   5.31986   80.821
26.079   4.41225   82.5907
26.1555   3.48517   84.3847
26.1649   2.55036   86.1911
26.1058   1.61985   87.9946
25.9798   0.706806   89.7832
25.8027   -0.180114   91.5555
25.5822   -1.03588   93.2972
24.8144   -2.98818   97.4542
24.3668   -3.81654   99.3353
23.8187   -4.65675   101.334
22.712   -6.03258   104.865
22.0171   -6.72858   106.848
21.2413   -7.39003   108.906
