7.99311   14.5959   71.9096
8.28789   15.3304   75.3212
8.62141   16.2071   79.3614
8.94804   17.098   83.4487
9.20168   17.8186   86.736
9.50238   18.7239   90.8343
9.79439   19.6413   94.9701
10.0772   20.5706   99.1423
10.3208   21.4195   102.944
10.5681   22.3194   106.965
-5.09446   -16.1465   11.452
-4.94922   -17.1028   12.1093
-4.76083   -17.8023   12.605
-4.38266   -18.6897   13.2672
-3.97372   -19.4379   13.8529
-3.42744   -20.1379   14.4831
-2.72865   -20.8284   15.1953
2.56363   -22.3159   19.4358
3.46565   -22.1064   20.1529
4.39295   -21.7569   20.919
5.28004   -21.2575   21.6986
6.06415   -20.6409   22.4602
6.71003   -19.9676   23.176
7.1756   -19.3008   23.7997
7.58228   -18.5523   24.4538
7.89894   -17.6828   25.1632
8.11581   -16.6987   25.9347
8.17976   -15.6486   26.7435
8.06986   -14.6085   27.551
-4.98505   -16.1518   41.8789
-4.88715   -17.1032   42.6075
-4.72848   -17.7768   43.1383
-4.37995   -18.6881   43.8897
-3.98572   -19.4519   44.5513
-3.45373   -20.1631   45.2298
-2.7773   -20.8754   45.9787
2.56176   -22.3702   50.5481
3.46884   -22.1301   51.2911
4.38725   -21.7416   52.0864
5.24468   -21.2053   52.8956
5.98278   -20.5665   53.6734
6.50621   -19.9876   54.2904
7.01133   -19.1978   55.0208
7.43371   -18.3468   55.7518
7.64996   -17.6188   56.3279
7.81045   -16.6592   57.0647
7.81653   -15.6594   57.8237
7.66893   -14.692   58.5705
-4.78681   -16.1545   71.9126
-4.75018   -16.7029   72.3064
-4.55546   -17.7238   73.0574
-4.23708   -18.6251   73.7509
-3.84398   -19.4004   74.38
-3.3548   -20.0861   74.9844
-2.70166   -20.7889   75.6714
2.75428   -22.1048   80.0819
3.34032   -21.872   80.5473
4.17017   -21.4095   81.2559
4.66168   -21.0485   81.717
5.37813   -20.3076   82.4999
5.90123   -19.5652   83.1899
6.29288   -18.7519   83.8618
6.53394   -18.0611   84.3979
6.60066   -17.7699   84.6213
6.6815   -17.1399   85.0958
6.69234   -16.1813   85.8133
6.56034   -15.2513   86.5176
-4.73857   -16.6755   98.6744
-4.60044   -17.7254   99.443
-4.30278   -18.6559   100.152
-3.92556   -19.4482   100.784
-3.41375   -20.1294   101.393
-2.72178   -20.8224   102.101
2.67897   -21.8735   106.414
3.63254   -21.4404   107.224
4.47928   -20.8248   108.035
5.14754   -20.1198   108.794
5.64439   -19.4103   109.472
-3.4298   -19.8278   14.1545
-3.10628   -19.7333   14.1823
-3.43962   -19.5949   14.162
-3.43551   -19.8328   14.1781
-3.45538   -19.6378   14.2458
-3.46173   -19.8014   14.2769
-3.46764   -19.6652   14.2171
-3.38251   -19.8155   13.9987
-3.44578   -19.6543   13.7349
-3.39006   -19.8137   13.7137
-3.44792   -19.6653   13.7389
-3.4787   -19.7365   13.5295
-3.46665   -19.6859   13.2675
-3.44219   -19.7206   13.0494
-3.22901   -19.8069   12.5433
-3.2392   -19.8035   11.7515
-3.27325   -19.7772   10.9142
-3.29249   -19.7636   10.0229
-3.42214   -19.6634   9.38117
