16.4343   -0.108935   16.6244
16.8298   0.0806594   17.0958
17.3148   0.334038   17.6859
18.1711   0.827322   18.7534
18.6299   1.11541   19.3406
18.9966   1.36466   19.8253
19.4741   1.70969   20.4727
20.2697   2.34531   21.597
21.0095   3.01218   22.6987
21.6928   3.69904   23.7734
22.2008   4.25946   24.6134
22.7984   5.00688   25.6761
23.7382   6.35475   27.498
24.1815   7.0782   28.4377
24.5683   7.79539   29.3456
24.9578   8.58315   30.3271
25.5223   9.96909   32.0007
25.8268   10.9175   33.1113
26.0927   11.9195   34.2651
26.3126   12.9607   35.4497
26.4197   13.6417   36.2212
26.5261   14.6822   37.3934
26.5717   15.7636   38.6043
26.5421   16.8906   39.8659
26.4655   17.843   40.9348
26.3882   18.4644   41.6346
26.1155   19.8662   43.2271
25.8516   20.8663   44.3797
25.2188   22.6639   46.5053
24.8891   23.4182   47.4261
24.4731   24.2303   48.4446
24.0408   25.0011   49.4285
23.5705   25.724   50.3901
23.0325   26.4809   51.4245
22.5369   27.0988   52.3029
21.9027   27.8086   53.3586
21.2136   28.5088   54.459
20.7125   28.9775   55.2389
19.964   29.5991   56.3471
19.1648   30.1874   57.4784
18.3247   30.7332   58.6202
17.4513   31.2304   59.7652
16.5546   31.6754   60.902
15.644   32.0655   62.0216
14.729   32.3992   63.1218
14.0739   32.5968   63.8955
13.1225   32.8352   65.009
12.1933   33.0188   66.0873
11.4068   33.1307   66.9892
10.4882   33.2134   68.0336
9.62836   33.2545   69.0077
8.75008   33.24   69.9992
7.83831   33.1842   71.0359
7.03242   33.0862   71.9605
5.27264   32.7329   73.9966
4.27683   32.446   75.1698
2.90988   31.9442   76.8153
-2.81333   27.9244   84.8816
-4.08611   26.3399   87.2206
-4.56993   25.6145   88.2257
-4.9907   24.918   89.165
-5.38225   24.1792   90.1306
-6.03687   22.6919   92.0079
-6.35514   21.7887   93.11
-6.56074   21.0963   93.9432
-6.77113   20.155   95.0632
-6.93199   19.181   96.2119
-7.03594   18.1827   97.3815
-7.08111   17.1713   98.5545
-7.06688   16.1569   99.7215
-6.99169   15.1505   100.873
16.5959   2.93452   72.3083
17.496   2.97901   76.1651
18.3523   3.01396   79.835
19.2429   3.03729   83.6571
20.123   3.05303   87.4326
20.9926   3.05325   91.1696
21.8606   3.04623   94.9016
22.7417   3.02553   98.6941
23.8241   2.98849   103.355
24.5841   2.9514   106.63
16.2964   4.75393   47.2176
16.7328   5.49191   49.4033
17.1208   6.23614   51.5396
17.477   7.0766   53.8687
17.8012   7.98342   56.3292
18.0012   8.67973   58.1803
18.201   9.62477   60.6694
18.3346   10.6083   63.2344
18.3919   11.6146   65.8289
18.3663   12.6249   68.4209
18.262   13.6199   70.9768
18.0891   14.5831   73.466
17.9229   15.2685   75.2569
17.6175   16.2048   77.7756
17.1426   17.3491   80.9478
16.7784   18.0581   82.9682
16.3931   18.7027   84.8602
15.9268   19.3872   86.9479
15.401   20.0743   89.1215
13.8784   21.6336   94.5884
12.995   22.3371   97.4081
12.0284   22.9783   100.304
11.001   23.5289   103.229
9.94798   23.9755   106.117
8.90778   24.3176   108.884
