-16.6899   0.982873   16.3186
-17.468   0.856649   17.0775
-18.4037   0.687184   17.9906
-19.1434   0.538763   18.7149
-20.0737   0.322713   19.6327
-21.0144   0.0811863   20.566
-21.9623   -0.186846   21.513
-22.6191   -0.388336   22.1742
-23.6578   -0.736108   23.2302
-24.5775   -1.07205   24.1735
-25.8177   -1.56888   25.4583
-26.7465   -1.97595   26.4339
-27.8882   -2.51465   27.6493
-28.7629   -2.95878   28.5943
-29.9157   -3.58429   29.8582
-30.3255   -3.82118   30.3165
-30.7984   -4.10048   30.8497
-31.2236   -4.35984   31.3346
-32.1134   -4.92649   32.3602
-32.5785   -5.23796   32.9046
-33.4105   -5.82063   33.8933
-34.2212   -6.42328   34.875
-35.009   -7.04347   35.8484
-35.7741   -7.67854   36.813
-36.5161   -8.32611   37.7672
-37.0202   -8.78621   38.4286
-37.7328   -9.47186   39.3857
-38.4182   -10.1656   40.329
-14.7214   -10.8627   18.3957
-15.6038   -11.3624   19.4202
-16.4921   -11.8499   20.445
-17.386   -12.3256   21.4698
-18.2848   -12.7896   22.4943
-19.1882   -13.2416   23.5183
-20.0957   -13.6813   24.5409
-21.0069   -14.1088   25.5612
-21.9617   -14.5425   26.6237
-22.909   -14.9577   27.6718
-23.4494   -15.1879   28.2671
-24.7607   -15.7247   29.7033
-25.6546   -16.0752   30.6758
-27.238   -16.6655   32.3869
-28.2133   -17.0101   33.4342
-32.4593   -18.3487   37.9428
-33.1397   -18.5387   38.6582
-34.0853   -18.7906   39.6493
-35.0272   -19.0303   40.6334
