4.75017   16.5274   57.76
5.01968   17.2553   60.3753
5.35385   18.1398   63.5594
5.69215   19.017   66.7251
5.9829   19.7508   69.381
6.33292   20.6197   72.5319
6.63662   21.3598   75.222
6.99758   22.22   78.3609
7.35943   23.0672   81.4622
7.73952   23.9371   84.6585
8.26053   25.1028   88.9576
8.6409   25.9346   92.0367
9.16344   27.0492   96.1805
9.5713   27.9007   99.3576
10.0935   28.9676   103.353
10.5052   29.794   106.458
10.3563   13.1832   35.5625
10.6776   14.0786   37.5947
10.9117   14.7886   39.1909
11.1769   15.7082   41.2474
11.4154   16.6547   43.3459
11.6234   17.6263   45.4802
11.7993   18.6181   47.6419
11.8867   19.237   48.9826
12.0003   20.2399   51.1695
12.0414   20.7273   52.2337
12.0724   21.1808   53.2218
12.0951   21.6961   54.3429
12.1086   22.8337   56.8176
12.0789   23.8951   59.1283
11.9675   25.394   62.3956
11.8576   26.3056   64.3908
11.7625   26.9477   65.8012
11.5409   28.0583   68.2464
11.2914   29.0998   70.5598
10.5895   31.3441   75.6529
10.252   32.2205   77.6879
9.93458   32.965   79.4376
9.54316   33.7967   81.4274
9.1594   34.5587   83.2744
8.72627   35.3383   85.1976
8.27389   36.1054   87.1185
7.80584   36.8206   88.9668
7.28081   37.5758   90.9576
6.79376   38.2219   92.7113
6.20173   38.9515   94.7518
5.56888   39.6807   96.8492
8.95025   39.6189   109.561
9.68012   38.9465   108.81
10.378   38.2628   108.074
11.0358   37.5719   107.362
11.5295   36.9982   106.812
12.1287   36.2664   106.121
12.6234   35.6327   105.524
13.1625   34.874   104.834
13.6665   34.1261   104.17
14.1139   33.4006   103.547
14.5464   32.6478   102.91
14.9518   31.8548   102.26
15.3015   31.1101   101.662
15.651   30.2632   100.994
15.9802   29.3706   100.299
16.2179   28.6568   99.7529
16.4857   27.7386   99.0665
16.8178   26.3985   98.0737
16.9485   25.7492   97.5949
17.0988   24.7514   96.8674
17.2186   23.5274   95.9919
17.2677   22.5337   95.2921
17.2478   20.7873   94.0855
17.178   19.7861   93.403
17.0361   18.639   92.6027
16.8537   17.6694   91.9223
16.5908   16.6732   91.2245
16.2969   15.7729   90.5975
15.9963   15.0374   90.0805
15.6016   14.2124   89.4906
15.166   13.4436   88.9268
14.6939   12.749   88.4023
14.131   12.0089   87.8398
13.6459   11.4445   87.4005
-9.05204   -13.8872   11.8294
-9.66266   -14.61   12.4962
-10.2892   -15.3325   13.1692
-10.7903   -15.8956   13.6995
-11.4385   -16.6024   14.3741
-12.1022   -17.3072   15.0548
-12.7804   -18.0089   15.7409
-13.2871   -18.5181   16.2455
-14.1451   -19.3598   17.0905
-14.6739   -19.8634   17.6054
-15.7111   -20.8185   18.6009
-16.4478   -21.4729   19.2963
-17.3243   -22.2258   20.111
-18.0925   -22.8623   20.8128
-19.1185   -23.6845   21.7372
-19.9012   -24.2889   22.4334
-21.0633   -25.1527   23.4534
-21.8802   -25.7366   24.1605
-22.7082   -26.3095   24.8701
-23.5471   -26.8707   25.582
-24.3964   -27.4195   26.2957
-25.2541   -27.9564   27.0114
-26.1201   -28.4819   27.7274
-26.9936   -28.9954   28.4426
