-16.6026   -5.78966   19.655
-17.5038   -5.84149   20.6282
-18.3617   -5.87065   21.5522
-19.2427   -5.87763   22.5019
-20.1263   -5.86498   23.4558
-20.9804   -5.82978   24.3763
-21.8841   -5.76997   25.3496
-22.7053   -5.69725   26.2349
-23.7693   -5.5714   27.3846
-24.5917   -5.45288   28.277
-25.779   -5.24559   29.5702
-26.7131   -5.05198   30.592
-27.9419   -4.76132   31.942
-28.8757   -4.50619   32.9758
-30.0471   -4.14964   34.2829
-30.9703   -3.83446   35.3232
-32.284   -3.33676   36.8198
-33.2042   -2.95167   37.8811
-34.1192   -2.53865   38.9488
-35.0267   -2.09797   40.0202
-35.9244   -1.63042   41.0922
-36.81   -1.13704   42.1656
-37.6814   -0.618528   43.2408
-38.5361   -0.0761422   44.3136
-39.3725   0.4883   45.3808
-40.189   1.07327   46.4426
16.5757   -5.59482   34.111
17.1959   -6.30424   35.9169
17.6809   -6.93124   37.4352
18.2069   -7.68215   39.1897
18.6652   -8.40962   40.8381
19.0869   -9.17195   42.51
19.4889   -9.98697   44.2507
19.8116   -10.7299   45.8033
20.1379   -11.6081   47.6047
20.4305   -12.5382   49.4743
20.6076   -13.2216   50.8195
20.7988   -14.1738   52.6653
20.9497   -15.2648   54.7569
21.0273   -16.2918   56.7088
21.0388   -17.6833   59.3432
20.9818   -18.6201   61.117
20.7081   -20.4495   64.6086
20.4544   -21.487   66.6269
19.8055   -23.3658   70.3746
19.1075   -24.8254   73.4407
18.0418   -26.5322   77.2839
17.4832   -27.2617   79.0322
16.8629   -27.9954   80.8609
16.3595   -28.5289   82.2587
15.6578   -29.1941   84.0968
14.9031   -29.8366   85.9787
14.0974   -30.4452   87.9037
13.2449   -31.0079   89.8577
12.3582   -31.5188   91.8125
11.4476   -31.978   93.7515
10.5201   -32.3799   95.6668
9.58693   -32.7212   97.544
8.65912   -33.0019   99.3774
7.94729   -33.1736   100.773
7.0001   -33.3468   102.616
6.08826   -33.466   104.364
4.04941   -33.5264   108.234
16.5117   3.82518   45.2561
17.4409   4.1771   47.9132
18.3691   4.54325   50.5824
19.296   4.92395   53.2633
20.2208   5.31941   55.9559
21.1424   5.72849   58.6579
21.6754   5.97142   60.2284
22.0614   6.15106   61.3697
22.5804   6.3978   62.9069
23.9214   7.05921   66.9024
24.7608   7.49137   69.4246
25.8243   8.0616   72.653
26.752   8.5786   75.4958
27.7136   9.13012   78.4625
28.1972   9.41648   79.9691
28.9938   9.89817   82.4657
29.9544   10.4979   85.5031
30.3464   10.7497   86.7522
30.8548   11.0843   88.3836
32.1296   11.9509   92.5155
32.6048   12.2857   94.0739
33.4231   12.8781   96.7817
34.2298   13.4807   99.4807
35.0244   14.0929   102.17
35.8063   14.7143   104.848
36.5758   15.344   107.514
-10.8421   12.7732   82.1642
-11.0416   12.966   83.5275
-11.5477   13.4495   86.9676
-12.2635   14.1207   91.7922
-12.9913   14.7875   96.6452
-13.73   15.4494   101.516
-14.2313   15.8897   104.787
