-11.4752   -12.3744   8.81224
-12.3889   -12.7303   9.31965
-13.0213   -12.9404   9.66425
-13.9761   -13.2059   10.176
-14.9121   -13.413   10.6715
-15.6853   -13.5454   11.0771
-16.6178   -13.6493   11.5599
-17.5047   -13.7068   12.0155
-18.3702   -13.7009   12.4562
-19.2105   -13.666   12.8827
-20.111   -13.5764   13.3399
-21.0462   -13.4445   13.8181
-21.7949   -13.2999   14.2061
-22.724   -13.0658   14.6965
-24.5872   -12.4234   15.7065
-25.7868   -11.872   16.3711
-26.6526   -11.3982   16.8644
-27.8328   -10.646   17.5648
-28.6371   -10.0517   18.0666
-29.126   -9.65152   18.3852
-30.1745   -8.68479   19.1045
-30.8271   -8.00424   19.5757
-31.3268   -7.45553   19.9527
-32.1901   -6.4294   20.6596
-32.6783   -5.77697   21.0879
-33.1801   -5.01364   21.569
-33.6318   -4.25795   22.0349
-34.0255   -3.49196   22.4919
-34.4128   -2.65204   22.9843
-34.7076   -1.91428   23.4106
-35.0139   -1.01821   23.9218
-35.2837   -0.0747426   24.4491
-35.4396   0.592368   24.8141
-35.6006   1.55185   25.3374
-35.7077   2.53757   25.8741
-35.7595   3.53758   26.4193
-35.7538   4.5413   26.9714
-35.6894   5.53873   27.5231
-35.5682   6.51937   28.0705
-35.4594   7.16215   28.4333
-35.3956   7.48067   28.6148
-35.242   8.14265   28.9977
-34.9812   9.08821   29.5524
-34.683   9.98782   30.0899
-34.3914   10.7231   30.5399
-34.0067   11.5635   31.0664
-33.6134   12.3294   31.558
-33.1623   13.0827   32.0575
-32.6621   13.8442   32.5757
-32.1764   14.501   33.0422
-31.2889   15.5597   33.8329
-30.7853   16.0853   34.2498
-30.0962   16.7342   34.7916
-28.5728   17.9447   35.9084
-27.7667   18.4745   36.4619
-26.9288   18.9574   37.0139
-26.0654   19.3911   37.5629
-25.1907   19.7694   38.1057
-22.6724   20.5072   39.5919
-21.7108   20.6752   40.1404
-20.8704   20.7818   40.6147
-19.9315   20.8396   41.1448
-19.0435   20.859   41.6491
-17.7115   20.7765   42.4195
-16.9247   20.6861   42.8749
-16.0354   20.5242   43.3992
-14.5488   20.146   44.2926
-13.5715   19.8161   44.8924
-12.9988   19.5923   45.2499
-12.2234   19.2358   45.7483
-11.326   18.7633   46.343
-10.463   18.2299   46.9414
-9.64266   17.647   47.5355
-8.87091   17.0253   48.1198
-8.15437   16.375   48.6908
-7.65346   15.8581   49.1181
-7.01975   15.1314   49.6887
-15.7468   -10.0886   68.9018
-16.6699   -10.251   69.4393
-17.4743   -10.3383   69.9061
-18.3787   -10.397   70.3919
-19.2449   -10.4174   70.8228
-20.1059   -10.3893   71.2537
-21.0173   -10.3102   71.7144
-21.8022   -10.2035   72.1152
-22.7244   -10.0211   72.5927
-23.6884   -9.77796   73.0968
-24.6214   -9.47751   73.5915
-25.8625   -8.97445   74.2652
-26.7535   -8.5289   74.7635
-27.9646   -7.80615   75.4657
-28.7947   -7.22197   75.9726
-29.8775   -6.33061   76.6726
-30.3807   -5.85278   77.02
-31.0386   -5.15814   77.4973
-32.3328   -3.51385   78.5374
-32.8129   -2.77974   78.9775
-33.2227   -2.012   79.4243
-33.6231   -1.17867   79.8994
-33.9217   -0.432822   80.3121
-34.2288   0.469503   80.8027
-34.4931   1.42509   81.31
-34.6339   2.08806   81.6553
-34.7849   3.05605   82.1539
-34.8793   4.04725   82.6563
-34.9138   5.05048   83.1595
-34.8849   6.05385   83.6603
-34.7894   7.04374   84.1542
-34.6341   8.01227   84.6396
-34.496   8.67217   84.9704
-34.2415   9.63302   85.4544
-33.9462   10.5462   85.92
-33.669   11.2873   86.3028
-33.2729   12.1375   86.757
-32.8642   12.917   87.1818
-32.4032   13.6611   87.6044
-31.0254   15.4767   88.7182
-30.3712   16.1735   89.1899
-28.3241   17.8887   90.5216
-27.522   18.4113   91.0004
-26.6892   18.8856   91.4795
-23.816   20.0462   92.9976
-22.8328   20.2908   93.4939
-21.8814   20.4702   93.9154
-21.0648   20.5788   94.1796
-20.1381   20.6474   94.4203
-18.3345   20.6518   94.8907
-17.5048   20.586   95.1079
-16.5935   20.4685   95.347
-15.8407   20.339   95.5453
-14.8135   20.0956   95.8166
-14.1446   19.9078   95.9965
-13.8357   19.8079   96.0814
-13.2158   19.5856   96.2542
-12.2459   19.1891   96.5298
-11.3353   18.7537   96.8008
-10.4478   18.2613   97.075
-9.59204   17.7186   97.3461
-8.77386   17.1341   97.6158
-7.99751   16.5159   97.8836
-7.265   15.8711   98.1488
-6.76239   15.3836   98.3381
-11.5576   -12.2224   107.109
-12.1058   -12.4595   107.255
-13.0551   -12.815   107.506
-14.0017   -13.1057   107.755
-14.9332   -13.3341   107.998
-15.689   -13.4751   108.188
-16.6232   -13.5968   108.42
-17.5195   -13.6748   108.642
-18.3684   -13.691   108.853
-19.2297   -13.6805   109.065
-20.1169   -13.6237   109.282
-21.0494   -13.522   109.51
-21.8188   -13.3877   109.701
16.5967   -5.95756   75.2911
17.496   -5.99617   78.6184
18.3629   -6.01868   81.8237
19.2426   -6.01623   85.0755
20.1352   -5.99633   88.3743
20.9858   -5.95094   91.5213
21.8946   -5.88642   94.8923
22.7158   -5.80885   97.9482
23.7661   -5.68568   101.86
24.7077   -5.55342   105.371
