-16.5435   -1.41041   87.0255
-17.3186   -0.804436   91.8157
-17.8317   -0.349688   95.1595
-18.0215   -0.161517   96.47
-18.5122   0.379545   100.067
-19.0999   1.11485   104.741
-16.1408   -2.55457   84.2795
-16.1446   -2.56538   82.7584
-8.03391   -14.5855   14.4512
-8.29692   -15.3101   15.13
-8.60364   -16.208   15.9697
-8.89988   -17.122   16.8206
-9.18444   -18.051   17.6811
-9.38477   -18.7517   18.3258
-9.63845   -19.6907   19.1867
-9.87815   -20.6432   20.0563
-10.0902   -21.5589   20.8885
-10.2948   -22.518   21.7565
-10.5558   -23.8934   22.9969
-10.6709   -24.5709   23.6062
-10.8693   -25.9128   24.8072
-10.9905   -26.888   25.6769
-11.1476   -28.4787   27.0917
-11.2229   -29.5057   28.004
-11.2864   -30.8082   29.1583
-11.3133   -31.8161   30.0502
-11.3204   -32.825   30.942
-11.3078   -33.8337   31.8339
-11.2756   -34.8412   32.7258
-11.2241   -35.8462   33.6165
-11.1539   -36.8479   34.505
-11.0658   -37.8453   35.3913
16.6047   7.98034   -26.0471
17.4861   7.95892   -27.283
18.4165   7.85282   -28.5969
19.1381   7.69703   -29.6368
20.0389   7.38202   -30.9774
20.9325   6.95837   -32.369
21.7781   6.43769   -33.7745
22.5458   5.83768   -35.1625
23.0594   5.35239   -36.1778
23.6611   4.63407   -37.5318
24.1334   3.96748   -38.7163
-16.5199   9.699   74.308
-17.216   10.3779   78.0675
-17.7193   10.8935   80.8533
-18.383   11.6016   84.6026
-19.0233   12.3131   88.3016
-19.5235   12.8926   91.264
-20.1272   13.6274   94.9472
-20.7047   14.3607   98.5622
-21.3461   15.219   102.711
-21.7338   15.758   105.287
-27.2652   29.4661   102.899
-26.4432   28.9981   102.243
-25.9448   28.616   101.808
-25.2537   27.8634   101.112
-24.7562   27.1241   100.503
-24.3881   26.2976   99.8812
-24.1132   25.3152   99.1721
-24.0396   24.7173   98.7473
-24.0297   24.222   98.3956
-24.0652   23.7884   98.0855
-24.1884   23.1572   97.6252
-24.723   21.7974   96.5847
-25.2146   21.0705   95.9617
-25.6734   20.5359   95.4656
-25.8862   20.3413   95.287
8.47644   -14.3537   57.4136
8.9698   -14.9701   60.1522
9.5695   -15.6985   63.4242
10.1855   -16.4272   66.7355
10.6872   -17.0015   69.3855
11.3269   -17.715   72.7163
11.9815   -18.4269   76.0795
12.4862   -18.9616   78.6409
13.1395   -19.6384   81.9211
13.4144   -19.917   83.2854
13.8056   -20.3066   85.1945
14.8243   -21.2967   90.1037
15.5245   -21.954   93.4199
16.4821   -22.8246   97.8879
17.1891   -23.4475   101.141
18.1432   -24.263   105.479
13.5152   -19.9983   90.5264
13.7402   -19.9779   101.441
13.8756   -20.2129   104.845
13.4992   -19.662   99.7494
13.1483   -19.8916   101.812
13.4155   -20.1703   103.133
13.3421   -19.7537   104.262
12.9677   -19.9727   106.199
13.2937   -20.2459   107.398
13.2709   -19.7395   108.468
8.17673   -14.2905   55.5268
8.59959   -14.0337   56.3494
8.58353   -13.7924   58.4615
8.4957   -13.7361   59.5639
