12.3156   12.0139   13.9463
13.1624   12.5582   14.7595
14.0213   13.0865   15.5756
14.8914   13.5971   16.3938
15.7725   14.0883   17.2125
16.6631   14.5597   18.031
17.5619   15.0105   18.8476
18.4676   15.4406   19.6609
19.7917   16.0241   20.8331
20.7455   16.414   21.6667
22.4649   17.056   23.1528
23.373   17.3633   23.9293
25.1646   17.9101   25.4443
26.1431   18.1759   26.2649
27.5699   18.5251   27.456
28.2912   18.6815   28.0539
29.1927   18.8606   28.7975
31.483   19.2324   30.6722
32.4039   19.3503   31.4213
33.2136   19.4372   32.0776
34.1269   19.5184   32.8168
34.9641   19.5782   33.4935
15.0861   10.4064   59.5431
15.7278   11.1245   62.6717
16.3454   11.8444   65.7579
16.8395   12.4482   68.3006
17.4246   13.1845   71.3761
17.9925   13.9186   74.4181
18.4712   14.5706   77.0674
19.0003   15.3177   80.0642
19.5819   16.1816   83.4744
20.0106   16.8579   86.0945
20.6365   17.8914   90.048
21.0983   18.707   93.1162
21.7164   19.8633   97.4204
22.0411   20.5059   99.7877
22.6082   21.7156   104.174
22.9714   22.5514   107.172
-13.2811   -11.3265   46.3541
-14.1618   -11.8041   48.9883
-14.645   -12.0564   50.4217
-15.0522   -12.2609   51.6157
-15.5567   -12.5089   53.0901
-15.9495   -12.6966   54.2331
-16.4762   -12.9388   55.759
-17.4009   -13.3467   58.42
-18.3293   -13.7322   61.0648
-19.2599   -14.0956   63.693
-20.1915   -14.4372   66.3022
-21.3346   -14.826   69.4746
-23.0044   -15.3297   74.0503
-24.401   -15.6996   77.8341
-25.2254   -15.8982   80.0554
-25.9278   -16.0506   81.9399
-27.169   -16.2968   85.2603
-30.1416   -16.7383   93.1723
-32.3451   -16.9397   99.0095
-33.2465   -16.99   101.393
-34.1021   -17.0235   103.649
-34.9892   -17.0416   105.986
-35.8646   -17.046   108.291
3.43885   17.1736   -1.85923
3.48764   18.1805   -2.0047
3.519   19.1896   -2.15067
3.53211   20.2   -2.29691
3.52715   21.2105   -2.44336
3.50456   22.2203   -2.59097
3.46381   23.2284   -2.73965
3.40488   24.2338   -2.88836
3.28316   25.7358   -3.11147
3.17729   26.7454   -3.26185
2.60073   30.6297   -3.8364
2.41391   31.6047   -3.98073
-18.1852   36.1046   -8.58868
-17.3708   35.6465   -8.52931
-16.7043   35.4318   -8.48274
-15.7479   35.399   -8.42273
-14.7751   35.6021   -8.36301
-13.8209   36.1468   -8.29681
-13.1508   36.8863   -8.24211
-12.6848   37.7111   -8.18376
-12.5321   38.4174   -8.11275
-17.6957   36.6784   3.05258
-17.6363   36.612   7.08899
-17.0415   37.1301   7.36704
-17.6632   36.7272   9.056
-17.6213   36.7888   10.8365
