-16.6177   5.55739   21.2975
-17.4803   6.0817   22.5366
-18.3287   6.62554   23.7759
-19.1613   7.18808   25.012
-19.9765   7.76854   26.2425
-20.7737   8.36526   27.4662
-21.2642   8.7466   28.2298
-22.0443   9.38377   29.4664
-22.7999   10.0341   30.6874
-23.8342   10.977   32.3994
-24.5785   11.6976   33.6663
-25.9482   13.1241   36.0804
-26.5493   13.7948   37.1779
-27.0407   14.3657   38.0942
-30.0705   18.4499   44.281
-30.7883   19.589   45.9143
-31.2379   20.3454   46.9795
-31.6695   21.1104   48.0417
-32.0758   21.8655   49.079
-32.4819   22.6664   50.1654
7.4711   14.8312   12.2602
7.86295   15.6595   12.5672
8.25804   16.4749   12.871
8.63389   17.227   13.1543
9.04247   18.027   13.4584
9.44077   18.7818   13.7484
9.86366   19.5621   14.0504
10.2865   20.319   14.3457
10.7924   21.1954   14.6905
11.8776   23.0026   15.4129
12.3541   23.7611   15.7206
13.045   24.832   16.1588
13.5205   25.5399   16.4518
14.2213   26.5536   16.8762
14.7586   27.3046   17.1941
15.5739   28.4086   17.6658
16.06   29.0477   17.9416
16.6344   29.783   18.262
17.2233   30.5197   18.5863
17.7189   31.1247   18.854
18.3269   31.8503   19.1762
18.9491   32.5761   19.5011
19.4511   33.1456   19.7597
20.0938   33.8571   20.0867
20.7512   34.567   20.4161
-16.6394   3.21025   99.9882
-17.4824   3.25688   104.985
