-16.3817   8.85071   107.441
6.60579   -15.3968   27.2375
7.06802   -16.1141   28.6193
7.56884   -16.8702   30.0873
8.04198   -17.5564   31.4355
8.57527   -18.3046   32.9219
9.05649   -18.9591   34.2362
9.61974   -19.6965   35.7366
10.2017   -20.4364   37.2584
10.7501   -21.1079   38.66
11.3671   -21.8336   40.1992
12.2625   -22.8431   42.3771
12.811   -23.4361   43.6804
13.706   -24.3623   45.7604
14.3928   -25.044   47.3241
15.3419   -25.9459   49.4388
16.074   -26.6135   51.0369
17.2116   -27.6037   53.4641
17.7099   -28.0186   54.5071
18.4822   -28.6418   56.1048
19.27   -29.2549   57.7138
20.0729   -29.8562   59.3316
20.8909   -30.4444   60.9568
21.7229   -31.0186   62.5872
22.5684   -31.578   64.2187
23.426   -32.1219   65.8486
23.8751   -32.3989   66.6964
26.108   -30.3993   76.5499
25.5593   -29.6548   76.2398
25.081   -28.9852   75.9646
24.5609   -28.2323   75.6583
24.0907   -27.536   75.3769
23.5968   -26.7776   75.0734
23.1161   -26.0241   74.7743
22.6665   -25.2959   74.4891
22.2118   -24.5412   74.1954
21.539   -23.3677   73.7438
21.1267   -22.62   73.4586
20.5387   -21.5059   73.0386
20.1359   -20.7105   72.7397
19.5685   -19.5482   72.3036
19.2249   -18.807   72.0267
18.7086   -17.6468   71.5957
18.3467   -16.7945   71.2804
17.9509   -15.8201   70.921
17.6662   -15.084   70.6518
17.335   -14.198   70.33
17.0739   -13.4746   70.0691
16.7684   -12.5753   69.7478
16.4725   -11.6611   69.422
16.1862   -10.7346   69.0918
15.9804   -10.0317   68.8429
13.7933   11.1239   61.8044
13.8701   12.1305   61.4771
13.9619   13.1334   61.1514
14.069   14.1316   60.8279
14.1928   15.1235   60.5077
14.3335   16.1087   60.19
14.432   16.7368   59.9871
14.6061   17.7241   59.6691
14.8492   18.9531   59.2719
14.9942   19.632   59.0507
15.2977   20.9278   58.6242
15.5394   21.8798   58.3084
15.8687   23.0912   57.9046
16.1423   24.0231   57.5923
16.5285   25.2558   57.1753
16.8304   26.1653   56.8669
17.2508   27.3585   56.4614
17.5808   28.2473   56.1548
17.9176   29.1216   55.8492
18.217   29.8574   55.5902
18.5777   30.7153   55.2878
18.9039   31.4617   55.0229
19.2867   32.2999   54.7225
19.6741   33.1256   54.4257
20.0401   33.8736   54.1558
20.4442   34.6792   53.8628
15.6705   10.191   11.3749
16.4385   10.8224   11.9789
16.9368   11.2392   12.3733
17.1974   11.4603   12.5805
17.6948   11.8873   12.9779
18.443   12.5405   13.58
19.1812   13.1988   14.1795
19.9088   13.8621   14.7765
20.413   14.3305   15.1939
21.2821   15.1587   15.922
21.9815   15.8397   16.5143
22.8274   16.6865   17.241
23.5058   17.382   17.8309
24.3053   18.2217   18.5345
24.9603   18.9289   19.1203
25.8781   19.9444   19.9532
26.3622   20.4934   20.3988
27.2868   21.57   21.2625
27.8962   22.298   21.8404
28.4948   23.0262   22.4142
28.9859   23.6384   22.8924
29.5669   24.3749   23.4643
30.0563   25.0074   23.9521
30.6187   25.7516   24.5212
-10.6751   13.0555   28.5801
-10.9793   13.7938   29.6738
-11.3231   14.6637   30.9553
-11.661   15.5461   32.2491
-11.9301   16.275   33.3123
-12.247   17.1696   34.6111
-12.556   18.0773   35.9231
-12.7893   18.7919   36.9512
-13.1205   19.8538   38.4706
-13.3957   20.7746   39.7827
-13.6873   21.8038   41.2432
-13.7699   22.1101   41.6763
-13.9335   22.7368   42.5607
-14.2563   24.0397   44.393
-14.4764   24.9969   45.7338
-14.783   26.4356   47.7423
-14.8987   27.0227   48.5594
-15.2038   28.7297   50.9324
-15.3056   29.3589   51.8053
-15.3616   29.7205   52.3063
-15.452   30.3418   53.1665
-15.5852   31.3305   54.5333
-15.7048   32.3246   55.9062
-15.8106   33.3235   57.2849
-15.9026   34.3267   58.6675
-15.98   35.3338   60.0527
-16.0429   36.3436   61.4395
-9.56255   -13.7875   27.4175
-10.5104   -14.0817   29.1571
-11.4366   -14.2808   30.8273
-12.2046   -14.4075   32.1979
-13.1321   -14.5203   33.8408
-13.9729   -14.5849   35.3211
-14.8695   -14.5996   36.8923
-15.771   -14.5763   38.47
-16.6027   -14.499   39.9366
-17.5325   -14.3692   41.5832
-18.2809   -14.2302   42.9162
-19.2042   -13.9996   44.5871
-20.1428   -13.7077   46.3138
-21.0849   -13.3501   48.0873
-22.0165   -12.9266   49.8898
-22.9261   -12.4418   51.7054
-23.6973   -11.9708   53.2955
-24.5671   -11.375   55.1482
-25.9389   -10.2518   58.2587
-26.5846   -9.62556   59.8409
-27.085   -9.09325   61.1271
-27.7508   -8.30138   62.9282
-28.2475   -7.64026   64.3613
-28.8073   -6.79758   66.108
-29.2842   -5.99978   67.7089
-29.7551   -5.06157   69.5202
-30.0868   -4.27095   70.9984
-30.39   -3.43438   72.5348
-30.5884   -2.80055   73.6794
-30.8094   -1.93748   75.2013
-30.9908   -1.04725   76.7491
-31.1273   -0.134677   78.3219
-31.2168   0.792869   79.917
-31.2554   1.73017   81.5284
-31.242   2.66813   83.1416
-31.1748   3.60195   84.7515
-31.0543   4.52076   86.344
-30.8857   5.41846   87.913
-30.6739   6.28949   89.454
-30.4878   6.92127   90.596
-30.1921   7.76788   92.1684
-29.866   8.57187   93.6896
-29.109   10.0634   96.62
-28.6385   10.832   98.2012
-28.0593   11.6536   99.9711
-26.762   13.1828   103.52
-26.1165   13.8205   105.134
