6.00848   -15.6481   95.4678
5.92478   -16.6434   101.087
5.7977   -17.6257   106.643
-10.6879   12.8885   -3.18179
-11.4753   13.4977   -3.38304
-12.2798   14.0929   -3.58516
-13.1011   14.673   -3.78817
-13.9382   15.2367   -3.99189
-14.7901   15.7826   -4.19596
-15.6559   16.3095   -4.40058
-16.534   16.8164   -4.60526
-17.5975   17.397   -4.84927
-18.5044   17.8636   -5.05418
-19.8687   18.518   -5.35797
-20.7819   18.9259   -5.55885
-22.1152   19.4784   -5.84837
-23.0502   19.836   -6.04948
-23.6603   20.0582   -6.18003
-25.0167   20.514   -6.46792
-25.9519   20.8013   -6.66575
-27.9572   21.3438   -7.08559
-28.8984   21.5638   -7.28096
-29.8315   21.7629   -7.4744
-30.5796   21.9041   -7.62857
-31.5139   22.0639   -7.82028
-32.2969   22.1844   -7.97999
-33.2272   22.3076   -8.16877
