-15.9994   -9.76304   50.3992
-16.7973   -10.375   53.1186
-17.5858   -10.9942   55.8309
-18.3644   -11.6199   58.5331
-19.134   -12.2518   61.2254
-19.8937   -12.8891   63.9066
-20.3927   -13.3155   65.681
-21.1428   -13.9692   68.3707
-22.0105   -14.7435   71.5157
-22.6109   -15.2892   73.7097
-23.5958   -16.2108   77.3547
-24.2871   -16.8733   79.943
-25.217   -17.7868   83.467
-25.8872   -18.4608   86.0368
-26.6611   -19.2602   89.0427
-27.3202   -19.958   91.6337
-28.2531   -20.9721   95.3555
-28.8933   -21.6898   97.9552
-29.5213   -22.4086   100.535
-30.0205   -22.9914   102.606
-30.6313   -23.7207   105.174
-31.2303   -24.4501   107.724
4.46523   16.6336   29.0349
4.77726   17.5332   30.6348
5.03489   18.2566   31.9251
5.3594   19.1492   33.5221
5.6881   20.0353   35.1123
5.96557   20.7652   36.4262
6.3054   21.6438   38.0115
6.59573   22.3803   39.3433
7.02604   23.4456   41.2754
7.30522   24.1236   42.508
7.83311   25.3746   44.7899
8.17703   26.1685   46.2432
8.68352   27.313   48.345
9.07109   28.1699   49.9237
9.58053   29.2698   51.9587
9.95447   30.0598   53.4271
10.5484   31.2845   55.7139
11.3289   32.8464   58.644
11.7378   33.6454   60.1487
12.1318   34.3999   61.5747
12.5491   35.188   63.0692
12.9573   35.9437   64.5099
13.3829   36.7201   65.9956
13.8049   37.4769   67.4498
-14.7202   -10.9015   66.1954
-15.6315   -11.3475   69.8252
-16.5476   -11.7725   73.4425
-17.4679   -12.1798   77.0455
-18.3917   -12.5682   80.6298
-19.3178   -12.9372   84.1895
-20.2458   -13.2879   87.7263
-20.8588   -13.5088   90.0466
-21.8026   -13.83   93.5962
-22.5875   -14.0791   96.5128
11.606   -12.4742   60.8671
12.0807   -13.2314   64.0434
12.528   -13.9738   67.1254
12.9637   -14.7331   70.2362
13.3909   -15.5098   73.3838
13.7878   -16.2666   76.4199
14.192   -17.074   79.6288
14.549   -17.8235   82.5805
14.9897   -18.8055   86.4092
15.3177   -19.5816   89.4043
15.805   -20.8048   94.0811
16.1372   -21.6977   97.464
16.5201   -22.8091   101.639
16.7888   -23.6475   104.77
16.5134   -9.03218   67.5757
17.463   -9.23919   71.0281
18.4   -9.4198   74.4184
19.1708   -9.55206   77.1983
20.1067   -9.68173   80.5637
21.0239   -9.78736   83.8532
21.8466   -9.85995   86.7943
22.7518   -9.91909   90.0247
23.7061   -9.96038   93.4222
24.6359   -9.97555   96.7203
25.8518   -9.96121   101.031
26.7798   -9.92235   104.322
