16.7631   -8.38373   40.0217
17.5773   -8.97732   42.1769
18.3778   -9.58294   44.3255
19.1626   -10.2004   46.4632
19.931   -10.8289   48.5862
20.4296   -11.2481   49.9779
20.6867   -11.468   50.6999
21.1843   -11.9013   52.1096
21.9241   -12.5623   54.229
22.647   -13.2308   56.3317
24.9054   -15.4853   63.1484
25.5489   -16.1757   65.167
26.4322   -17.1638   68.0053
26.873   -17.6728   69.4512
27.0516   -17.8857   70.0493
27.7706   -18.7677   72.4948
28.3281   -19.4699   74.4189
29.12   -20.5162   77.2405
29.6634   -21.2645   79.2287
30.1424   -21.9402   81.0091
30.655   -22.6976   82.9811
31.1463   -23.4482   84.9281
31.5975   -24.1732   86.7973
-5.13885   16.1503   68.1935
-5.02814   17.1401   72.1161
-4.87106   18.1062   75.9438
-4.72838   18.7679   78.5686
-4.48088   19.725   82.403
-4.1993   20.647   86.1486
-3.94834   21.3731   89.1463
-3.5989   22.2613   92.8882
-3.23031   23.1051   96.494
-2.86117   23.857   99.7747
-2.4382   24.6404   103.261
-16.6796   4.40803   6.60195
-17.5989   4.82498   6.0217
-18.5124   5.2615   5.43954
-19.4199   5.71934   4.85821
-19.8976   5.96952   4.55147
-20.3192   6.19807   4.28121
-20.7745   6.45028   3.9885
-21.2074   6.69589   3.70883
-21.6441   6.94858   3.42625
-22.0862   7.21052   3.14011
-22.4971   7.46174   2.87109
-22.9526   7.7507   2.5679
-23.8458   8.33653   1.97307
-24.6622   8.89755   1.42428
-25.9922   9.86843   0.514915
-26.8043   10.4939   -0.0536283
-27.9457   11.4186   -0.87243
-28.6818   12.045   -1.41274
-29.1852   12.4878   -1.789
-29.818   13.0627   -2.26988
-30.3161   13.5373   -2.66116
-31.0333   14.2447   -3.23594
-32.374   15.6453   -4.33632
-33.0178   16.356   -4.88124
-33.519   16.9281   -5.31475
-34.1348   17.6567   -5.85781
-34.7332   18.3853   -6.39082
-35.2245   19.0052   -6.83568
13.3422   -11.4687   42.3159
13.8206   -12.2259   43.4578
14.2659   -12.9703   44.5748
14.7052   -13.7289   45.7215
15.1305   -14.5105   46.8872
15.4945   -15.2634   47.9687
15.8564   -16.1151   49.1577
16.1977   -17.0054   50.3847
16.4733   -17.833   51.537
16.7263   -18.7527   52.7891
16.9958   -19.9006   54.3396
17.1396   -20.8391   55.6017
17.2229   -22.287   57.4641
17.1883   -23.315   58.7236
16.9708   -25.1762   60.9751
16.7904   -26.1062   62.1211
16.3619   -27.692   64.1446
16.114   -28.4157   65.0785
15.7765   -29.3028   66.2014
15.4148   -30.1401   67.2471
15.0153   -30.8882   68.2264
14.5686   -31.6068   69.2322
14.0166   -32.3375   70.3522
13.3756   -33.0715   71.5639
12.8703   -33.5841   72.4881
12.1513   -34.2224   73.7057
11.3299   -34.7714   74.8841
10.4357   -35.1991   76.025
-16.6224   -0.641648   46.5583
-17.4795   -0.616229   48.4511
-18.372   -0.57682   50.4216
-19.2161   -0.532435   52.2862
-20.1155   -0.472606   54.274
-21.0255   -0.404023   56.2863
-21.8508   -0.330434   58.1127
-22.7674   -0.238449   60.1432
-23.7512   -0.127389   62.3258
-24.6287   -0.0165732   64.2783
-25.9575   0.169565   67.2421
-26.6447   0.275134   68.7781
-27.9812   0.499371   71.771
-28.8813   0.667159   73.795
-30.0076   0.890393   76.3356
-30.9418   1.09158   78.4526
-32.3846   1.42837   81.7335
-33.3299   1.66548   83.8902
-34.0237   1.84856   85.4754
-34.9623   2.10881   87.6189
-35.9045   2.38396   89.777
-36.8492   2.67368   91.9511
-37.4953   2.88131   93.4435
-38.4298   3.19507   95.6131
-39.3654   3.52235   97.7975
-40.3014   3.8635   99.9953
-14.774   -10.7459   5.36276
-15.6183   -11.3054   4.79222
-16.477   -11.8465   4.22589
-17.3472   -12.3694   3.66073
-18.2289   -12.875   3.09409
-19.1248   -13.3575   2.53296
-20.029   -13.8152   1.97617
-20.9392   -14.2534   1.41897
-21.6952   -14.604   0.963324
-22.2471   -14.8455   0.6374
-23.1606   -15.22   0.108661
-24.4693   -15.7217   -0.63138
-25.4224   -16.0651   -1.15842
-27.3821   -16.7064   -2.21361
-28.3044   -16.9727   -2.70222
-32.3224   -17.8978   -4.79188
-33.2574   -18.0553   -5.27909
-34.1765   -18.1913   -5.75644
-34.9726   -18.2961   -6.14436
-35.8925   -18.4054   -6.59015
