2.72511   -17.682   107.065
-2.94392   -26.6945   19.4458
-3.42372   -27.9135   20.3344
-3.77499   -28.7609   20.9561
-4.28228   -29.9091   21.8062
-4.61897   -30.6375   22.3496
-5.19056   -31.8117   23.233
-5.58478   -32.5836   23.8178
-6.22587   -33.7782   24.7336
-6.65415   -34.5388   25.3226
-7.09833   -35.2896   25.9097
-7.56107   -36.0487   26.5087
-8.01915   -36.7706   27.0863
-8.51395   -37.5257   27.6969
-8.98335   -38.2171   28.2615
-9.50955   -38.9652   28.879
-5.05491   -16.1501   15.6213
-4.97968   -17.1432   16.5457
-4.86018   -18.1242   17.4621
-4.75977   -18.7526   18.0517
-4.56267   -19.7369   18.9833
-4.32693   -20.6925   19.8973
-4.05902   -21.6167   20.7912
-3.82108   -22.3332   21.4936
-3.48228   -23.2234   22.3805
-3.12371   -24.0697   23.2352
-2.76617   -24.8155   24.0056
2.74533   -31.8464   32.2937
3.90207   -32.728   33.6346
4.4145   -33.0787   34.1997
6.00891   -34.0427   35.8787
6.91451   -34.5106   36.7954
7.83454   -34.9323   37.7052
8.76229   -35.31   38.6104
9.69203   -35.6434   39.505
10.6177   -35.9317   40.3821
11.3081   -36.1109   41.0269
12.2539   -36.3185   41.9053
13.1779   -36.4824   42.7612
13.9705   -36.5829   43.4932
14.8829   -36.6625   44.3334
15.7369   -36.7014   45.1173
16.616   -36.7006   45.9236
17.5123   -36.6666   46.7467
36.8635   -16.1613   75.8183
36.8503   -15.1457   76.763
36.7874   -14.1355   77.7059
36.6767   -13.138   78.6428
36.5236   -12.1582   79.5702
36.3317   -11.2024   80.4843
36.16   -10.5242   81.1432
35.8785   -9.58956   82.0636
35.5666   -8.69619   82.9545
35.2719   -7.95973   83.6956
34.8924   -7.11467   84.559
34.5174   -6.35149   85.3527
34.0794   -5.57441   86.177
33.6129   -4.80728   87.0053
33.14   -4.10796   87.783
32.5961   -3.35763   88.6378
32.1048   -2.73974   89.3667
30.8606   -1.39907   91.0649
30.1163   -0.703794   92.0101
28.8612   0.330641   93.5183
28.0741   0.902932   94.4248
26.8368   1.69685   95.8026
25.9263   2.20045   96.7778
24.4975   2.8723   98.2537
23.5948   3.23087   99.1605
22.8905   3.47924   99.8551
22.5941   3.57552   100.144
21.9335   3.76966   100.787
20.9863   4.0145   101.701
20.055   4.21535   102.592
19.2896   4.34569   103.319
18.3596   4.46484   104.199
16.62   4.58429   105.844
-2.79893   -24.3069   23.6555
-2.82786   -24.1408   24.028
-3.0128   -24.1549   24.3761
-2.89236   -24.121   24.9954
