-13.6524   -11.2193   -2.94647
-13.8993   -12.1421   -3.44885
-14.0817   -13.1175   -3.96779
-14.1904   -14.1268   -4.49683
-14.2175   -15.1537   -5.0336
-14.1619   -16.1754   -5.56899
-14.0319   -17.1762   -6.09192
-13.8362   -18.1419   -6.60173
-13.316   -19.767   -7.50421
-12.9398   -20.6291   -7.99926
-12.5342   -21.3888   -8.44306
-11.4994   -22.9189   -9.38534
-10.8951   -23.6176   -9.85223
-10.219   -24.3042   -10.3356
-9.46769   -24.9624   -10.8399
-8.99038   -25.3144   -11.1454
-8.18479   -25.8354   -11.6375
-7.33963   -26.2902   -12.133
-6.46952   -26.6734   -12.6243
-5.87216   -26.8827   -12.9489
-4.93393   -27.1405   -13.4501
-4.02083   -27.3213   -13.9287
3.29494   -26.184   -17.72
4.17733   -25.6977   -18.2725
5.00912   -25.1333   -18.8305
5.52134   -24.7304   -19.1966
6.28165   -24.0164   -19.7781
6.94817   -23.2872   -20.302
7.52823   -22.5641   -20.7704
8.00994   -21.7963   -21.226
8.41595   -21.0499   -21.6499
8.78238   -20.2143   -22.1157
9.11296   -19.301   -22.6139
9.29783   -18.6085   -22.9765
9.47593   -17.6534   -23.468
9.57878   -16.6622   -23.976
9.5926   -15.6559   -24.4894
9.5111   -14.6592   -24.9951
9.34241   -13.6988   -25.4917
