-16.6943   -7.342   -3.76973
-17.6312   -7.63856   -3.97222
-18.2898   -7.83788   -4.11391
-19.2336   -8.11347   -4.31672
-20.1746   -8.37558   -4.51822
-20.8676   -8.56095   -4.66598
-21.1127   -8.62401   -4.7175
-21.8141   -8.79956   -4.86415
-22.7569   -9.02638   -5.06082
-23.7164   -9.24468   -5.26068
-24.655   -9.44427   -5.45652
-25.9173   -9.69242   -5.71879
-26.6671   -9.83095   -5.87389
-28.0204   -10.0583   -6.15216
-28.9456   -10.2024   -6.34188
-30.1335   -10.3686   -6.585
-31.0585   -10.487   -6.77418
-32.3606   -10.6326   -7.04003
-33.2742   -10.7232   -7.22636
-34.0974   -10.794   -7.39372
-35.0048   -10.8629   -7.57765
-35.8439   -10.917   -7.74742
-36.7439   -10.9643   -7.92975
-37.5973   -11.0009   -8.10278
-38.4884   -11.0271   -8.28343
16.644   -1.36923   70.173
17.4065   -1.5018   73.4318
17.5824   -1.53346   74.1824
18.3372   -1.67679   77.4076
19.2751   -1.86262   81.4211
20.218   -2.05854   85.4646
20.9483   -2.21898   88.6048
21.8886   -2.4331   92.6593
22.8326   -2.65706   96.7411
23.7431   -2.88404   100.689
24.6315   -3.11479   104.551
17.4171   -1.50419   73.5878
17.5449   -1.55427   74.0895
17.5303   -1.49432   74.7893
17.621   -1.59998   75.2141
17.5981   -1.46358   75.7409
17.6417   -1.60888   76.0546
17.8807   -1.54973   76.2567
17.6101   -1.44278   76.4061
17.6265   -1.60396   76.5823
17.8798   -1.533   76.697
17.6259   -1.43942   76.819
17.6329   -1.60085   77.0062
17.6043   -1.4631   77.2612
17.6347   -1.59726   77.4105
