3.93892   16.9783   32.7193
4.276   17.7201   34.2147
4.66488   18.5439   35.8885
5.03926   19.2963   37.4331
5.45326   20.0907   39.0809
5.86614   20.8482   40.6711
6.30152   21.6111   42.2932
6.75118   22.3691   43.9233
7.29157   23.2421   45.8344
7.75346   23.9527   47.4296
8.42916   24.9477   49.6991
8.97684   25.7099   51.4729
9.7429   26.7243   53.88
10.274   27.3961   55.5037
11.1338   28.422   58.043
11.772   29.1472   59.8756
12.5617   30.0006   62.0854
13.235   30.6914   63.9172
13.931   31.3765   65.7723
14.6487   32.0544   67.6497
15.1509   32.512   68.943
15.8912   33.1593   70.815
16.6511   33.796   72.701
17.4311   34.4202   74.6004
18.2305   35.0304   76.5121
19.0498   35.6244   78.4374
-14.8851   -10.5894   21.3538
-15.5739   -11.2777   22.4911
-16.0806   -11.7978   23.3387
-16.7469   -12.5064   24.4732
-17.3969   -13.2173   25.5982
-18.0305   -13.9301   26.7129
-18.5276   -14.5099   27.605
-19.1361   -15.2382   28.7139
-19.7405   -15.9822   29.8336
-20.3079   -16.7092   30.9114
-21.0887   -17.7435   32.4274
-21.5457   -18.3689   33.3338
-22.3075   -19.4601   34.8911
-22.7996   -20.1899   35.9213
-23.4871   -21.2513   37.4023
-23.9242   -21.9497   38.3676
-24.632   -23.1489   40.0005
-25.0632   -23.9055   41.0227
-25.4888   -24.6784   42.0603
-25.8926   -25.433   43.0675
-26.301   -26.2295   44.1209
-26.6759   -26.9799   45.1073
-27.0651   -27.7986   46.1725
-27.4502   -28.6344   47.2535
-15.8478   -10.0946   107.463
-15.9037   -11.101   108.303
-15.9641   -12.1065   109.142
15.6073   10.2143   58.2087
16.106   10.8246   60.6204
16.6726   11.5757   63.5095
17.2074   12.3198   66.3265
17.6749   13.0101   68.8894
18.1593   13.7652   71.6476
18.6062   14.5061   74.3102
19.0346   15.2643   76.9912
19.47   16.0834   79.8469
19.8799   16.9224   82.7223
20.4105   18.1045   86.7121
20.7437   18.9118   89.3995
21.1703   20.0693   93.198
21.4706   20.9727   96.1261
21.8404   22.2201   100.125
22.0533   23.033   102.706
22.3464   24.3219   106.764
