-16.7212   -3.27525   36.5141
-17.6555   -3.65271   38.6676
-18.2145   -3.89111   39.966
-19.1244   -4.29874   42.0913
-20.0295   -4.72709   44.2232
-20.9273   -5.17671   46.3605
-21.8177   -5.64671   48.5015
-22.699   -6.13549   50.6412
-23.8801   -6.83019   53.5481
-24.6829   -7.33109   55.5557
-25.9089   -8.14297   58.6726
-26.7891   -8.76163   60.9542
-27.9146   -9.59867   63.9304
-28.6361   -10.163   65.8723
-29.14   -10.5711   67.2468
-30.0914   -11.3756   69.8859
-30.8966   -12.0895   72.1655
-32.4395   -13.5588   76.6823
-33.1204   -14.2531   78.7423
-33.7792   -14.952   80.7767
-34.2789   -15.5073   82.3587
-34.9064   -16.2291   84.3824
-35.512   -16.9519   86.3761
-36.0017   -17.565   88.0362
6.81631   -15.1332   6.66754
6.69818   -16.1151   7.04772
6.59224   -16.7566   7.29734
6.52821   -17.0713   7.42061
6.37066   -17.7367   7.68491
6.10428   -18.6793   8.06274
5.79973   -19.5736   8.42455
5.49829   -20.3097   8.7274
5.10408   -21.1364   9.07692
4.68881   -21.9001   9.41107
4.23104   -22.6317   9.74692
3.70506   -23.3843   10.104
3.21739   -24.0092   10.4116
2.59351   -24.7168   10.7785
-2.75305   -28.4299   13.3116
-3.67856   -28.772   13.6935
-5.44911   -29.2417   14.3965
-6.39427   -29.4021   14.7623
-7.21145   -29.4917   15.075
-8.7783   -29.5366   15.6772
-9.66664   -29.4932   16.0242
-10.4584   -29.4112   16.3431
-11.3653   -29.257   16.7202
-12.3014   -29.0377   17.1189
-18.4818   -25.5808   20.1051
-19.173   -24.8917   20.5128
-19.7987   -24.1887   20.9047
-20.2876   -23.5748   21.2317
-20.7981   -22.8188   21.6188
-21.2479   -22.0844   21.9818
-21.8044   -20.9783   22.4966
-22.1234   -20.235   22.8342
-22.441   -19.331   23.2337
-22.8134   -17.989   23.8131
-22.9509   -17.331   24.0952
-23.0899   -16.3951   24.4974
-23.1948   -14.8724   25.1568
-23.1096   -13.0893   25.9339
-22.9595   -12.0803   26.3813
-22.746   -11.1088   26.8169
-22.4802   -10.1858   27.2355
-22.2212   -9.45692   27.5705
-21.8488   -8.59335   27.9705
-21.459   -7.79392   28.3405
-21.0099   -7.05858   28.6733
-20.4825   -6.28848   29.023
-19.9805   -5.67072   29.3016
-19.3389   -4.95813   29.6385
-18.6308   -4.25859   29.9917
-18.1293   -3.81982   30.2274
-17.3558   -3.21809   30.5697
-16.5349   -2.65548   30.9168
6.26998   -15.6683   43.4038
6.14153   -16.6682   43.812
5.94581   -17.6321   44.211
5.69446   -18.5494   44.5963
5.43944   -19.2627   44.9046
5.0805   -20.1241   45.2815
4.71009   -20.8847   45.6213
4.28114   -21.6628   45.9832
3.81658   -22.4302   46.3547
3.33685   -23.1108   46.7065
2.75316   -23.8453   47.1056
2.25946   -24.4056   47.4235
-3.00682   -27.8791   50.2906
-3.65315   -28.0893   50.6119
-4.59385   -28.3187   51.0689
-6.2989   -28.5502   51.8887
-7.17659   -28.5813   52.3078
-8.06646   -28.5423   52.7305
-9.01063   -28.4355   53.1818
-11.2806   -27.8572   54.3016
-12.1621   -27.4927   54.7597
-13.0266   -27.0561   55.2248
-13.8589   -26.5545   55.7027
-14.6427   -25.9978   56.1875
-15.3762   -25.3947   56.6677
-16.4901   -24.2929   57.4519
-17.1113   -23.5265   57.9411
-17.6389   -22.7777   58.3914
-18.0792   -22.0037   58.8303
-18.9575   -19.8264   60.0068
-19.193   -18.9   60.494
-19.4199   -17.4757   61.2317
-19.4607   -16.9264   61.5129
-19.4686   -16.4115   61.7787
-19.4692   -15.9108   62.0323
-19.4478   -15.1393   62.4043
-19.3491   -14.125   62.8996
-19.1695   -13.1465   63.3847
-18.9261   -12.2169   63.8535
-18.6802   -11.4971   64.2267
-18.3102   -10.6321   64.6956
-17.9266   -9.85864   65.1341
-17.4642   -9.10901   65.5907
-16.9314   -8.34422   66.074
-16.4295   -7.74169   66.4813
3.34859   -17.1363   82.2534
3.10642   -18.0563   82.8071
2.84763   -18.7728   83.2485
2.47306   -19.6214   83.7871
-2.59272   -23.8316   87.6374
-3.53246   -24.0887   88.2512
-5.42343   -24.3292   89.465
-6.30214   -24.3206   90.0283
-7.21812   -24.1983   90.6133
-8.19504   -23.9932   91.2512
-9.22172   -23.6508   91.9474
-11.1455   -22.5355   93.3711
-11.9434   -21.8204   94.0703
-12.6015   -21.0692   94.729
-13.117   -20.3504   95.3092
-13.6007   -19.5777   95.843
-14.2349   -18.2726   96.694
-14.4801   -17.5623   97.1433
-14.6932   -16.632   97.7256
-14.8343   -15.6511   98.3197
-14.8775   -14.6446   98.9155
-14.7939   -13.6461   99.5097
-14.5951   -12.7025   100.084
-14.3441   -11.9731   100.545
-13.9332   -11.1438   101.1
