26.3041   3.4695   80.6028
26.4074   3.56354   80.6816
26.2792   3.50035   80.82
26.4004   3.56881   81.0489
26.2913   3.54231   81.3229
26.3802   3.60067   81.6186
26.29   3.60332   81.8691
26.3373   3.65731   82.2267
26.3012   3.62577   82.6157
26.3442   3.68349   83.02
26.294   3.60014   83.3899
26.414   3.66546   83.5209
26.2958   3.62398   83.5775
26.4198   3.6341   83.5267
26.3153   3.6003   83.3954
-16.5619   8.36182   54.7859
-17.4947   8.08289   57.4451
-18.4327   7.72367   60.1856
-19.3556   7.28323   62.9669
-20.246   6.76647   65.7726
-21.0842   6.18048   68.5638
-21.8539   5.54025   71.2939
-22.5469   4.86592   73.9349
-23.0537   4.30315   76.0144
-23.7306   3.42296   79.0673
-24.1764   2.76394   81.2504
-24.5487   2.10577   83.3269
-24.92   1.36622   85.6019
-25.7039   -0.901435   92.2011
-25.9298   -2.01429   95.3082
-26.0591   -3.19271   98.548
-26.0698   -4.39777   101.848
-25.9641   -5.58629   105.139
-25.753   -6.71446   108.32
-3.38339   17.0706   54.0618
-2.71562   17.7713   56.8019
2.67017   20.3259   73.5474
3.49223   20.3843   75.7847
4.35673   20.3808   78.1308
5.26061   20.2912   80.5932
6.22542   20.1188   83.2594
6.91097   19.9236   85.2171
7.82075   19.5779   87.9129
8.71526   19.133   90.6934
9.56311   18.6018   93.4726
10.3382   17.998   96.2013
11.5181   16.7856   100.917
12.0715   16.0425   103.502
12.5249   15.3024   105.931
12.8926   14.5458   108.311
16.4592   -6.86437   8.23297
17.3434   -7.34432   8.70133
18.2225   -7.83423   9.17007
19.0965   -8.33398   9.63904
19.965   -8.84318   10.1078
20.8274   -9.36172   10.576
21.6836   -9.88965   11.0438
22.5333   -10.4267   11.511
22.9932   -10.7226   11.7652
23.6624   -11.1622   12.1373
24.5106   -11.7292   12.6107
25.7285   -12.5673   13.2952
26.533   -13.1373   13.7517
27.0168   -13.4865   14.0282
27.9872   -14.2038   14.5868
28.7993   -14.8178   15.058
30.0864   -15.8191   15.8134
30.8505   -16.4306   16.2671
32.3597   -17.6795   17.1755
33.1142   -18.3238   17.6356
33.8585   -18.9734   18.0937
34.3598   -19.4199   18.4051
35.0924   -20.0857   18.8646
-16.7309   -7.18134   28.8251
-17.4124   -7.3697   29.9433
-18.3573   -7.61853   31.4872
-19.298   -7.85315   33.0177
-20.0138   -8.02349   34.1787
-20.9589   -8.23453   35.7084
-21.8983   -8.43195   37.2248
-22.8324   -8.61632   38.7288
-23.7353   -8.7799   40.1791
-24.6765   -8.93942   41.6872
-25.8991   -9.12684   43.6389
-26.7433   -9.24309   44.9827
-28.0042   -9.39665   46.986
-28.9389   -9.49597   48.4697
-30.1386   -9.60381   50.372
-31.0097   -9.66761   51.7516
-32.3563   -9.74458   53.8825
-33.2494   -9.78216   55.2947
-34.108   -9.8067   56.6515
-34.9903   -9.82136   58.0468
-35.8627   -9.82455   59.4275
-36.7329   -9.81755   60.8043
-37.617   -9.79914   62.2021
-38.4739   -9.77193   63.5571
-40.5128   3.18498   68.4562
-40.0793   3.95069   67.9151
-39.6381   4.70938   67.3746
-39.1917   5.45233   66.8396
-38.7266   6.20949   66.2905
-38.271   6.93344   65.762
-37.7844   7.68794   65.2074
-37.3208   8.39194   64.6868
-36.8144   9.14294   64.1268
-36.3446   9.82792   63.6131
-35.8183   10.574   63.0488
-35.2798   11.3233   62.4782
-34.7967   11.9786   61.9746
-34.2381   12.7206   61.4003
-33.751   13.3558   60.9057
-33.1732   14.0885   60.3306
-32.5812   14.8231   59.7499
-32.0857   15.4239   59.2718
-31.3283   16.3208   58.5528
-30.8259   16.9011   58.0838
-29.4504   18.4382   56.8244
-28.7742   19.1635   56.2184
-28.0843   19.8872   55.6062
-26.0003   21.972   53.8015
-25.2922   22.6472   53.2014
-24.5735   23.319   52.5958
-23.8439   23.9869   51.9854
-23.3422   24.4369   51.5693
-22.6001   25.087   50.9595
-21.8472   25.7316   50.3468
-21.0841   26.3708   49.7312
-20.3102   27.0038   49.1143
-19.8178   27.3989   48.7258
-19.5265   27.6294   48.4972
-19.0353   28.0121   48.1139
-18.2419   28.6184   47.4994
-17.4401   29.2177   46.8828
-16.6293   29.8094   46.2638
-15.8097   30.393   45.6441
-14.9816   30.9684   45.0238
-14.1454   31.535   44.4032
-13.3016   32.0929   43.7825
-12.4497   32.6418   43.1597
-11.9935   32.9301   42.828
-11.5919   33.1807   42.5373
-11.1404   33.4594   42.2113
-10.7268   33.7113   41.9137
-10.2783   33.9842   41.5979
-9.86279   34.2365   41.3107
-9.41763   34.5018   41.0037
-8.98885   34.7546   40.7084
-8.55021   35.0075   40.4081
-8.10682   35.2602   40.1056
-7.6751   35.502   39.8115
-7.21882   35.7544   39.5015
-6.79403   35.9857   39.2131
-6.32727   36.2372   38.8968
-5.90794   36.4602   38.6135
-5.42962   36.71   38.2905
-4.52773   37.1712   37.6844
-3.62119   37.6208   37.0796
-2.71117   38.0588   36.477
2.46466   40.298   33.083
-7.4036   -14.779   47.7255
-7.47082   -15.0182   48.4374
-7.65557   -15.7118   50.4901
-7.89182   -16.6604   53.2829
-8.11145   -17.6231   56.1001
-8.31482   -18.5974   58.9389
-8.43761   -19.247   60.8228
-8.60549   -20.223   63.6448
-8.75425   -21.209   66.4864
-8.89211   -22.2867   69.5825
-8.99084   -23.2257   72.2724
-9.11465   -24.7726   76.6946
-9.15484   -25.482   78.7168
-9.20444   -26.8721   82.6793
-9.21523   -27.7962   85.3136
-9.21294   -28.36   86.9201
-9.17462   -29.6415   90.576
-9.11636   -30.7347   93.6967
-8.98342   -32.3435   98.2893
-8.87311   -33.3452   101.156
-8.74383   -34.3396   104.008
-8.59487   -35.3253   106.841
