2.36501   -19.7762   18.7634
2.6618   -20.6925   19.6734
2.9694   -21.5934   20.573
3.23137   -22.3186   21.3013
3.56654   -23.2039   22.1954
3.90995   -24.0731   23.0785
4.2844   -24.9643   23.9921
4.62354   -25.7417   24.7929
5.13269   -26.8475   25.9402
5.53865   -27.6839   26.8174
6.11118   -28.8175   28.0162
6.52191   -29.5855   28.8388
7.1217   -30.665   30.005
7.57489   -31.4406   30.8537
8.26684   -32.5783   32.1121
8.74844   -33.3291   32.955
9.24833   -34.0872   33.8132
9.72279   -34.7744   34.6034
10.2559   -35.5243   35.4743
10.7382   -36.1793   36.2444
11.3017   -36.9187   37.1248
11.8837   -37.6605   38.0185
12.3811   -38.2682   38.7639
10.3548   13.3795   -3.43677
11.2552   13.8627   -3.63228
12.1709   14.3038   -3.82669
13.0964   14.7037   -4.02172
14.027   15.0611   -4.21542
14.9576   15.3756   -4.40606
15.6262   15.5757   -4.54078
16.5815   15.8163   -4.72979
17.5212   16.0136   -4.91398
18.6953   16.2114   -5.14118
19.4804   16.3089   -5.28907
20.3817   16.3932   -5.45754
21.219   16.4395   -5.61487
22.9579   16.4353   -5.9442
23.8689   16.3792   -6.11667
24.6945   16.2961   -6.27354
25.5968   16.1691   -6.44812
28.1232   15.6264   -6.94488
28.784   15.4304   -7.0759
30.0115   15.0091   -7.32241
30.9281   14.6371   -7.50796
32.4977   13.891   -7.83067
33.3933   13.3951   -8.01904
34.2637   12.858   -8.20572
35.1065   12.2892   -8.39023
35.9196   11.6894   -8.57382
36.6973   11.0628   -8.75519
37.4362   10.4142   -8.93342
37.946   9.93372   -9.06009
38.629   9.22232   -9.2373
39.2651   8.50359   -9.40709
29.7611   -27.3916   -20.3204
28.8344   -27.5341   -20.565
28.0166   -27.6183   -20.7777
27.113   -27.6576   -21.0118
26.2743   -27.6872   -21.306
25.3644   -27.7455   -21.8558
24.4748   -27.7637   -22.4178
23.6249   -27.6941   -22.9535
22.6887   -27.5639   -23.5474
21.9542   -27.4116   -24.0167
21.0318   -27.1475   -24.6086
20.1008   -26.8061   -25.2146
19.18   -26.3833   -25.8345
17.8738   -25.6095   -26.7735
17.0518   -24.9937   -27.416
16.0586   -24.0876   -28.2571
15.4162   -23.3814   -28.8484
14.6787   -22.406   -29.6045
14.2155   -21.6678   -30.1421
13.6543   -20.5554   -30.906
13.3007   -19.68   -31.4839
13.0111   -18.7134   -32.1014
12.7965   -17.7296   -32.7192
12.7021   -17.1121   -33.1042
12.6578   -16.7077   -33.3564
12.6225   -16.1434   -33.7054
12.6204   -15.1643   -34.3093
12.6485   -14.6111   -34.6518
12.6864   -14.184   -34.9197
12.7695   -13.578   -35.3009
12.9884   -12.5897   -35.9292
13.2696   -11.6661   -36.5283
13.5406   -10.9246   -37.0195
-15.7611   9.91976   30.1686
-16.5998   9.98218   31.4849
-17.4943   10.0033   32.8841
-18.382   9.99382   34.2742
-19.2317   9.94471   35.6068
-20.1497   9.85576   37.0497
-20.9334   9.74416   38.2882
-21.8602   9.56265   39.7665
-22.8072   9.33535   41.2916
-23.9095   9.00952   43.0926
-24.4639   8.8183   44.0143
-25.7613   8.29768   46.2124
-26.6758   7.86075   47.8034
-28.072   7.07357   50.3147
-28.8751   6.5476   51.8162
-30.0939   5.63113   54.2027
-30.8892   4.9464   55.8518
-32.3228   3.49863   59.0569
-32.9361   2.78445   60.5348
-33.4214   2.15678   61.7772
-33.9527   1.40706   63.2156
-34.4158   0.690489   64.5482
-34.8537   -0.0730005   65.9194
-35.2674   -0.87512   67.3271
-35.6091   -1.62468   68.6133
-35.9571   -2.48919   70.067
-36.281   -3.39945   71.5724
-36.4921   -4.10907   72.724
-36.7307   -5.05146   74.2359
-36.9287   -6.02624   75.7832
-37.0786   -7.02951   77.3621
-37.1413   -7.61605   78.2798
-37.1749   -8.0483   78.9558
-37.2083   -8.60527   79.8283
-37.2278   -9.07776   80.5675
-37.2267   -9.59024   81.37
-37.2141   -10.1205   82.2013
-37.1888   -10.5786   82.9197
-37.1435   -11.1484   83.8168
-37.0201   -12.1615   85.4168
-36.8466   -13.1521   86.9869
-36.6286   -14.1126   88.5231
-36.3711   -15.0363   90.0161
-36.1294   -15.7511   91.1849
-35.7849   -16.6328   92.6471
-35.42   -17.4642   94.0466
-35.0359   -18.2061   95.3295
-34.611   -18.965   96.6662
-34.1366   -19.7108   98.0258
-33.6118   -20.4744   99.4488
-33.1165   -21.1131   100.683
-32.5055   -21.8407   102.136
-31.8366   -22.5659   103.644
-31.3238   -23.0523   104.731
-30.5844   -23.6996   106.246
-29.7986   -24.3196   107.794
