8.54133   -14.2922   42.2172
9.02535   -14.9404   44.2771
9.58964   -15.6796   46.6452
10.1651   -16.4204   49.0344
10.6583   -17.0406   51.0532
11.2514   -17.7729   53.4536
11.746   -18.3731   55.4333
12.3562   -19.096   57.8393
13.0299   -19.8788   60.4672
13.6621   -20.5977   62.9046
14.4861   -21.5123   66.0378
15.1207   -22.2009   68.4193
15.9671   -23.0953   71.5591
16.6352   -23.7838   74.0096
17.5247   -24.6753   77.2295
18.2148   -25.35   79.6967
19.2107   -26.2947   83.205
19.9352   -26.9648   85.7279
20.4374   -27.4217   87.4635
20.6699   -27.6305   88.2622
21.1728   -28.0758   89.9792
21.9189   -28.725   92.5067
22.6753   -29.3691   95.0454
23.4418   -30.0074   97.5949
24.2053   -30.6425   100.117
24.7024   -31.0539   101.747
6.56093   -15.3035   15.0945
6.87111   -16.2034   15.9601
7.17694   -17.1103   16.8304
7.41337   -17.8253   17.5152
7.70624   -18.7379   18.3863
7.9942   -19.6574   19.262
8.27726   -20.583   20.142
8.48672   -21.2871   20.81
8.80643   -22.3903   21.8546
9.01406   -23.1252   22.5489
9.41443   -24.5979   23.9359
9.58383   -25.245   24.5439
9.91715   -26.5607   25.7775
10.1494   -27.5132   26.6688
10.4097   -28.614   27.6965
10.4845   -28.9389   27.9996
10.6249   -29.5657   28.5841
10.915   -30.9019   29.8288
10.9795   -31.2098   30.1153
11.1134   -31.8673   30.7261
11.305   -32.8379   31.6266
11.4893   -33.8132   32.5295
11.6661   -34.7933   33.4348
11.7766   -35.4303   34.0224
11.835   -35.7778   34.3427
11.9379   -36.4098   34.9249
12.0916   -37.3937   35.8304
12.2377   -38.3812   36.7383
-7.76747   14.707   39.3307
-8.21097   15.4532   41.3808
-8.6661   16.2089   43.4641
-9.11411   16.9459   45.5009
-9.57994   17.7008   47.5963
-10.0323   18.4277   49.6186
-10.5092   19.1818   51.7251
-10.9926   19.9388   53.8453
-11.5202   20.7511   56.132
-12.0346   21.5346   58.3453
-12.7183   22.5613   61.2588
-13.1924   23.2632   63.2591
-13.862   24.2424   66.0604
-14.3982   25.0148   68.2803
-15.1271   26.0528   71.2738
-15.6456   26.7802   73.3816
-16.452   27.8967   76.6314
-16.9333   28.5547   78.5555
-17.4836   29.2976   80.7383
-18.0403   30.0421   82.9333
-18.5269   30.6847   84.8369
-19.093   31.4254   87.0386
-19.5813   32.0584   88.9268
-20.1563   32.7949   91.1334
-20.7376   33.5323   93.3505
-21.23   34.1501   95.2157
-4.65426   16.6473   60.3172
-4.70712   17.6616   63.8298
-4.7359   18.6795   67.3545
-4.73841   19.6986   70.8848
-4.71669   20.7161   74.4083
-4.67139   21.7318   77.9281
-4.60322   22.7429   81.435
-4.51159   23.7493   84.9305
-4.39979   24.7147   88.287
-4.24185   25.816   92.124
-4.01013   27.1685   96.8565
-3.8818   27.8171   99.1414
-3.70501   28.6452   102.069
-3.3531   30.1066   107.272
