-16.4439   4.9433   40.2752
-16.8191   5.10987   41.2364
-17.3538   5.35451   42.614
-18.2602   5.78099   44.9598
-19.1633   6.22133   47.3135
-20.0623   6.67379   49.672
-20.9557   7.13937   52.0336
-21.8429   7.6191   54.3976
-22.7237   8.11204   56.7622
-23.6674   8.65852   59.3148
-24.5793   9.20654   61.8049
-25.6901   9.89938   64.872
-26.1809   10.2146   66.2406
-26.4686   10.4033   67.0485
-26.9598   10.7311   68.4349
-27.8728   11.3562   71.0297
-28.7508   11.9782   73.5514
-29.8972   12.8221   76.8873
-30.3986   13.203   78.3617
-31.1201   13.7648   80.5027
-32.3025   14.7188   84.0603
-33.0633   15.3557   86.3828
-33.5633   15.7831   87.9222
-34.3117   16.4416   90.2571
-35.0461   17.1062   92.5752
-35.7675   17.7759   94.8748
6.30306   15.4902   26.7425
6.97561   16.1825   28.2642
7.70749   16.8564   29.8313
8.49594   17.4993   31.4325
8.9789   17.8546   32.3762
9.80001   18.4001   33.9307
10.655   18.8987   35.4956
11.5359   19.3452   37.0546
12.0747   19.5885   37.988
12.852   19.893   39.3062
13.8379   20.224   40.9508
14.5211   20.4144   42.0751
15.5023   20.6213   43.6671
16.2562   20.7392   44.8767
17.1007   20.8306   46.2218
17.9129   20.8789   47.5083
19.3231   20.8633   49.735
20.2823   20.7798   51.2525
21.1487   20.6633   52.6259
22.1359   20.4591   54.2046
23.1565   20.1901   55.8593
24.1987   19.847   57.5837
30.0057   16.1717   68.4871
30.515   15.666   69.6148
30.6333   15.5408   69.886
31.1165   14.9917   71.0446
32.2248   13.5409   73.9413
32.6898   12.823   75.2987
33.1225   12.0579   76.696
33.5325   11.2482   78.139
33.8591   10.5013   79.4351
34.187   9.62033   80.9275
34.4797   8.68613   82.4788
34.6498   8.00339   83.592
34.8353   7.04438   85.1382
34.9715   6.05819   86.7159
35.0524   5.05324   88.3119
35.0706   4.03872   89.9155
35.0246   3.02713   91.5192
34.9179   2.02954   93.1113
34.7529   1.05802   94.6759
34.5362   0.118774   96.2075
34.331   -0.57329   97.3504
34.0163   -1.47842   98.8681
33.6723   -2.32851   100.321
33.3085   -3.06633   101.625
32.891   -3.83892   103.017
32.4257   -4.58571   104.415
31.0357   -6.42702   108.096
-2.53321   17.6808   13.1031
-2.58072   18.6865   13.8391
-2.59892   19.6952   14.5761
-2.58851   20.7043   15.3136
-2.54996   21.7112   16.0493
-2.48353   22.7139   16.7824
-2.38974   23.7097   17.5124
-2.26975   24.697   18.2383
2.35493   38.0344   28.5595
2.80503   38.7719   29.1811
3.29182   39.5273   29.8274
-3.46631   17.1959   12.9805
-4.13549   17.9317   13.6996
-4.61783   18.3245   14.1739
-5.03903   18.5783   14.5752
-5.43301   18.7681   14.9295
-6.02795   18.9823   15.4391
-6.99681   19.1954   16.2349
-7.8667   19.266   16.9289
-8.7443   19.1738   17.6213
-9.70879   18.9363   18.3983
-10.6792   18.5036   19.2304
-11.5567   17.9049   20.0604
-12.2839   17.2041   20.8466
-12.8443   16.4854   21.5501
-13.257   15.7171   22.2293
-13.5413   15.0123   22.828
-13.7277   14.1024   23.5597
-13.7803   13.135   24.33
-13.6858   12.1763   25.0993
-13.5258   11.4911   25.6593
-2.86178   17.4495   39.864
-3.57289   18.0856   40.3922
-4.40251   18.6323   40.9441
-5.30212   19.042   41.4921
-6.202   19.3064   42.0108
-6.98192   19.4044   42.4478
-7.85418   19.4108   42.9324
-8.766   19.2813   43.4435
-9.74341   19.0024   44.0079
-10.2929   18.7716   44.3373
-10.7083   18.5481   44.5966
-11.1106   18.2997   44.8553
-11.585   17.9373   45.1802
-12.3136   17.2309   45.7286
-12.8761   16.5064   46.218
-13.2971   15.7371   46.6791
-13.5933   15.0175   47.0827
-13.8082   14.1078   47.5697
-13.8988   13.128   48.0872
-13.8413   12.1412   48.6051
-13.6501   11.2102   49.1031
-2.97348   17.3463   60.8049
-3.66351   17.9831   61.2938
-4.45859   18.5424   61.8089
-5.33364   18.9771   62.3306
-6.21951   19.2631   62.8286
-6.98053   19.3697   63.2361
-7.85533   19.3915   63.6979
-8.76242   19.2629   64.1739
-9.73659   18.9777   64.6976
-10.2742   18.7499   64.997
-10.6953   18.506   65.2467
-11.5457   17.8751   65.7904
-12.2349   17.1609   66.3062
-12.7629   16.4467   66.7732
-13.1484   15.6669   67.2312
-13.4717   14.7304   67.7508
-13.5953   14.0863   68.0928
-13.6469   13.1362   68.5805
-13.562   12.1945   69.0579
-13.3966   11.5326   69.4006
-2.98426   17.3621   80.4036
-3.65218   17.9977   80.8736
-4.44856   18.5587   81.37
-5.32681   18.9888   81.8662
-6.21625   19.2716   82.3394
-6.9808   19.3769   82.7318
-7.85682   19.3973   83.1743
-8.76424   19.2733   83.6278
-9.74127   18.9917   84.1274
-10.2634   18.7628   84.4067
-10.7017   18.4843   84.6589
-11.5127   17.8235   85.1585
-12.1575   17.1021   85.6082
-12.6491   16.3874   86.0042
-12.9988   15.6077   86.4018
-13.2802   14.6803   86.858
-13.4249   13.6497   87.3497
-13.3839   12.5925   87.8586
-13.1673   11.6005   88.3468
-6.35312   15.3869   95.8508
-7.13   15.9027   96.2952
-7.98174   16.2409   96.7377
-8.73583   16.3404   97.1039
-9.56929   16.3153   97.5055
-10.4531   16.055   97.9543
-11.3078   15.57   98.4362
-11.9944   14.9384   98.8957
-12.4551   14.2549   99.3074
-12.7765   13.5259   99.7106
-12.9391   12.6117   100.18
-12.8988   11.6505   100.661
-6.7232   15.5632   108.036
-7.17471   15.8196   108.32
-7.7316   16.0636   108.656
-8.74327   16.2328   109.227
-9.54882   16.2149   109.678
