-2.79979   26.9211   87.1552
-3.52065   27.8534   90.7846
-4.09313   28.5389   93.5303
-4.99621   29.5345   97.6737
-5.67281   30.2168   100.64
-6.53615   31.0153   104.271
-7.29423   31.6634   107.354
16.5769   -6.64669   30.7562
17.4705   -7.11403   32.4842
18.3598   -7.59089   34.2128
19.2448   -8.07706   35.9423
20.125   -8.57231   37.672
21.0003   -9.07664   39.4021
21.8702   -9.58998   41.1334
22.7343   -10.1124   42.8646
23.7423   -10.7383   44.898
24.634   -11.305   46.7066
26.0611   -12.2372   49.62
26.8511   -12.7686   51.2468
27.8471   -13.454   53.3148
28.7113   -14.0634   55.1239
29.8655   -14.8995   57.5618
30.3622   -15.2681   58.6189
31.113   -15.8352   60.2262
32.2952   -16.7518   62.782
33.0751   -17.3728   64.4863
33.8463   -17.9997   66.1859
34.3418   -18.4097   67.2861
35.1048   -19.052   68.9931
-4.83235   16.4032   100.512
-5.28226   17.1491   105.639
16.5885   -7.72998   13.5018
17.5244   -7.90307   14.2146
18.3004   -8.03058   14.803
19.2337   -8.15586   15.5056
20.1502   -8.25987   16.1941
20.973   -8.332   16.811
21.8777   -8.39094   17.4879
22.7316   -8.4276   18.1252
23.7543   -8.44435   18.8879
24.6019   -8.44298   19.5207
25.8839   -8.40391   20.4811
26.7527   -8.35102   21.1336
27.9686   -8.2483   22.0493
28.8959   -8.14252   22.7506
30.0999   -7.97462   23.6635
31.0204   -7.81805   24.3642
32.3581   -7.55045   25.3866
33.3022   -7.33295   26.1111
34.0033   -7.15661   26.6511
34.9374   -6.89629   27.3752
35.8767   -6.61048   28.1083
36.8194   -6.29798   28.8492
37.7634   -5.95876   29.5956
38.3561   -5.72956   30.0679
39.2757   -5.35287   30.8066
-14.2336   10.8741   72.6357
-14.9126   11.574   76.565
-15.5743   12.2774   80.4565
-16.079   12.8284   83.4673
-16.7173   13.549   87.3463
-17.3397   14.2709   91.1851
-17.8388   14.8645   94.3056
-18.4366   15.6002   98.1148
-19.0537   16.3811   102.112
-19.6283   17.1324   105.911
