-16.6084   6.5836   39.3947
-17.4793   7.09426   41.6169
-18.341   7.61925   43.839
-19.1929   8.15807   46.0594
-20.0345   8.7099   48.2761
-20.865   9.2743   50.4883
-21.6838   9.8509   52.695
-22.4908   10.4389   54.8954
-22.975   10.8024   56.2304
-23.7632   11.4113   58.433
-24.6087   12.086   60.8271
-25.6573   12.958   63.8456
-26.1611   13.3917   65.3163
-26.8356   13.9894   67.3101
-29.8364   16.8638   76.5108
-31.7676   18.9429   82.7897
-32.3973   19.6659   84.9135
-33.0099   20.3898   87.0159
-33.5053   20.994   88.7498
-34.091   21.7321   90.8402
-23.5471   32.9445   103.534
-22.6962   32.3808   103.234
-21.9355   31.742   102.94
-21.2797   31.0647   102.658
-20.7992   30.4354   102.431
-20.3233   29.6792   102.183
-19.9222   28.8697   101.935
-19.6374   28.1468   101.724
-19.3933   27.2366   101.469
-19.2383   26.2604   101.206
-19.2229   24.5708   100.767
-19.368   23.5761   100.507
-19.895   21.8757   100.052
-20.2774   21.0592   99.8266
-20.7438   20.3187   99.612
-21.3279   19.5408   99.3737
-22.3501   18.541   99.0159
-23.1134   17.9795   98.7771
-23.94   17.4889   98.5332
-24.8034   17.087   98.2905
-26.9729   16.5353   97.7057
-30.1051   16.702   96.8806
-31.0434   16.9779   96.6221
-32.4066   17.5983   96.2247
-33.2628   18.1459   95.9579
-34.0352   18.7708   95.6982
-34.707   19.4394   95.4485
-35.1953   20.0449   95.2426
-3.08817   -17.1716   2.06715
-3.08751   -17.6781   2.13373
-3.08164   -18.1741   2.19914
-3.07092   -18.6969   2.268
-3.05605   -19.1748   2.33051
-3.03362   -19.7141   2.40081
-3.01093   -20.1743   2.46088
-2.97709   -20.7278   2.5319
-2.9021   -21.7382   2.66107
-2.80908   -22.7438   2.78978
-2.69821   -23.744   2.91829
-2.57013   -24.7377   3.04698
-4.72088   16.6147   72.4074
-4.80678   17.2289   74.9854
-4.85697   17.6136   76.593
-4.93265   18.2189   79.1153
-5.04522   19.2115   83.2401
-5.1418   20.2095   87.3758
-5.22308   21.2119   91.5238
-5.28945   22.2176   95.6814
-5.33962   23.2263   99.8488
-5.37321   24.1941   103.847
