8.14434   -14.614   43.2432
8.23671   -15.6309   45.7514
8.27011   -16.1849   47.1085
8.29072   -16.6482   48.2249
8.30585   -17.1771   49.4907
8.3046   -17.6836   50.7044
8.2885   -18.1573   51.8366
8.24781   -18.7174   53.1603
8.13757   -19.7292   55.5633
7.98571   -20.7248   57.9405
7.7937   -21.6978   60.2759
7.45901   -23.0179   63.4849
7.13401   -24.0286   65.9842
6.84479   -24.7773   67.8485
6.39501   -25.7867   70.3849
6.03726   -26.4887   72.1906
5.66728   -27.1625   73.9544
5.23546   -27.8496   75.8104
4.75537   -28.5471   77.747
3.80412   -29.7467   81.2282
3.11862   -30.507   83.5584
-3.52656   -35.2866   102.39
-4.44602   -35.6575   104.677
-5.36813   -35.974   106.927
-6.04031   -36.1656   108.548
-13.6433   -11.3601   16.9032
-14.1105   -12.0426   17.6865
-14.6012   -12.7947   18.5374
-15.0497   -13.5279   19.3539
-15.487   -14.2842   20.1847
-15.9077   -15.0649   21.0271
-16.2878   -15.8162   21.8263
-16.6719   -16.6412   22.6902
-17.0537   -17.521   23.6006
-17.4004   -18.399   24.4963
-17.8133   -19.5595   25.6642
-18.0995   -20.4703   26.5689
-18.4493   -21.7344   27.8124
-18.6784   -22.6914   28.7458
-18.9325   -23.97   29.9839
-19.0474   -24.6491   30.6383
-19.2502   -26.2594   32.1805
-19.3358   -27.2637   33.1379
-19.3922   -28.2738   34.0985
-19.4181   -29.2885   35.0628
-19.4125   -30.3035   36.0296
-19.3755   -31.317   36.9983
-19.3048   -32.3255   37.9641
-19.2018   -33.3252   38.9239
-19.0692   -34.3141   39.8774
-18.9084   -35.2892   40.822
-18.7832   -35.9402   41.4567
13.9194   -37.4839   104.069
13.0566   -37.0019   104.903
12.1586   -36.6595   105.715
11.4335   -36.4908   106.342
10.495   -36.4139   107.121
9.57101   -36.4466   107.877
8.80342   -36.5944   108.52
7.88466   -36.896   109.318
-7.96976   14.5651   102.866
