16.6106   -1.56078   27.3322
17.549   -1.74062   28.8866
18.291   -1.89045   30.1179
19.2276   -2.09118   31.6754
20.1692   -2.30333   33.2449
20.8846   -2.47161   34.4396
21.8217   -2.70471   36.0091
22.7632   -2.9501   37.5916
23.7799   -3.22856   39.3065
24.7216   -3.49749   40.8999
25.8503   -3.8379   42.8179
26.7775   -4.13013   44.3991
28.0623   -4.55508   46.5993
28.7638   -4.79535   47.8041
29.0095   -4.88151   48.2271
29.9884   -5.23478   49.9191
30.8972   -5.57528   51.4972
32.5081   -6.20881   54.312
33.0792   -6.44328   55.316
33.9984   -6.83216   56.9404
34.9155   -7.23264   58.5691
35.8304   -7.64461   60.2016
36.7425   -8.06809   61.8364
37.6513   -8.5031   63.4739
38.5566   -8.94953   65.1146
-16.6971   0.996073   16.9808
-17.4661   0.85938   17.7819
-18.4041   0.673853   18.7628
-19.353   0.463866   19.7585
-20.0619   0.286558   20.5068
-21.0017   0.0323907   21.5041
-21.9472   -0.246815   22.5144
-22.5931   -0.451354   23.2089
-22.8974   -0.553358   23.5375
-23.6038   -0.801952   24.3055
-24.5174   -1.14453   25.3082
-25.8047   -1.67046   26.7402
-26.7324   -2.08231   27.7877
-27.8056   -2.59083   29.0148
-28.2367   -2.80679   29.5132
-28.6743   -3.03384   30.0231
-29.1179   -3.27046   30.5431
-30.3071   -3.94205   31.9535
-30.7813   -4.22259   32.5216
-31.2042   -4.48161   33.0313
-32.5157   -5.32908   34.6361
-33.3479   -5.90545   35.6763
-34.1619   -6.49939   36.7107
-34.9562   -7.1097   37.7381
-35.7299   -7.73481   38.7581
-36.9821   -8.81895   40.4595
-37.7067   -9.49562   41.4785
-38.4044   -10.1813   42.4829
-3.25658   17.3511   24.8455
-3.74582   17.981   25.9282
-4.35663   18.6999   27.2101
-5.01474   19.4154   28.5297
-5.51852   19.9219   29.498
-6.23296   20.5814   30.8151
-6.98854   21.2212   32.1587
-7.78393   21.8352   33.5217
-8.76009   22.5102   35.1279
-9.59771   23.0274   36.4614
-10.6426   23.5977   38.0738
-11.5803   24.0398   39.474
-12.9937   24.6059   41.5284
-13.6303   24.8246   42.4373
-14.5278   25.0872   43.7086
-16.0852   25.4474   45.8887
-17.0766   25.6164   47.2644
-17.8928   25.7141   48.3896
-19.2593   25.813   50.2719
-20.1181   25.8218   51.4557
-20.973   25.8061   52.6332
-21.8661   25.7425   53.8619
-22.7966   25.6415   55.1438
-23.5742   25.5158   56.2243
-24.5085   25.3262   57.5373
-25.4614   25.0898   58.8911
-26.1294   24.8932   59.8512
-27.0549   24.5782   61.2002
-27.9796   24.2153   62.5726
-28.8974   23.8035   63.9598
-29.802   23.3481   65.3531
-30.6881   22.8492   66.7528
-31.5471   22.3078   68.1514
-32.3736   21.7288   69.5404
-33.1649   21.1191   70.9142
-33.9171   20.4846   72.2656
-34.4235   20.0231   73.205
-35.1257   19.3237   74.5621
-35.7742   18.6097   75.8909
-40.1013   4.05557   97.2356
-39.9638   3.0752   98.5292
-39.8492   2.42734   99.3888
-39.787   2.10718   99.8182
-39.6437   1.44956   100.706
-39.3962   0.494904   102.007
-39.111   -0.41869   103.277
-38.8458   -1.14885   104.313
-38.4808   -2.01771   105.568
-38.0989   -2.83532   106.768
-37.6952   -3.58223   107.896
-37.2591   -4.32419   109.042
-14.1571   24.7545   42.9492
-14.0328   24.7294   43.1779
-14.1373   24.7762   43.4927
-14.0238   24.7332   43.7851
-14.1169   24.7614   44.1571
-14.0327   24.7033   44.5013
6.92981   -15.1682   27.0665
7.1748   -16.116   28.6449
7.40477   -17.0775   30.2383
7.55099   -17.7438   31.3375
7.74659   -18.7094   32.9251
7.92515   -19.6859   34.5234
8.08584   -20.6725   36.1328
8.22814   -21.6682   37.7537
8.328   -22.4772   39.0694
8.43336   -23.4908   40.7161
8.53598   -24.7026   42.6839
8.56825   -25.1924   43.4789
8.59501   -25.6639   44.2439
8.6189   -26.1678   45.061
8.65979   -27.532   47.2732
8.66659   -28.1361   48.2531
8.66706   -28.5898   48.9897
8.64186   -29.9575   51.2163
8.60237   -30.918   52.7828
8.51411   -32.3021   55.0468
8.42577   -33.2978   56.6806
8.36351   -33.8916   57.6568
8.31582   -34.2876   58.3091
8.23686   -34.8945   59.3102
8.09105   -35.8892   60.955
7.9259   -36.8746   62.5895
7.74149   -37.8489   64.2105
7.53929   -38.8115   65.8174
7.38612   -39.4821   66.9399
2.41624   -22.0331   -27.1647
2.86754   -22.3182   -27.7573
3.30953   -22.5672   -28.3202
3.72045   -22.7844   -28.8358
4.23585   -23.0261   -29.4594
5.17964   -23.4143   -30.5714
5.93898   -23.6759   -31.4401
6.61568   -23.8585   -32.1932
7.6223   -24.063   -33.2996
8.98638   -24.2361   -34.7747
9.79934   -24.2667   -35.6511
10.6055   -24.2658   -36.5211
11.4607   -24.2045   -37.4531
12.3524   -24.0995   -38.4267
16.4795   -2.80904   23.5939
17.3694   -3.26487   25.0084
18.245   -3.74964   26.4249
19.1015   -4.26558   27.8384
19.9375   -4.81124   29.2486
20.7495   -5.38218   30.6517
21.2336   -5.74497   31.5076
22.0234   -6.37608   32.9399
22.7809   -7.02607   34.3549
23.923   -8.09483   36.5737
24.6526   -8.84465   38.0593
25.7397   -10.0657   40.3811
26.2124   -10.6421   41.4396
26.7406   -11.3328   42.6733
27.8231   -12.8926   45.3695
28.2943   -13.6465   46.6322
28.7751   -14.4777   47.9933
31.0062   -19.5672   55.8879
31.2268   -20.2786   56.9445
31.4881   -21.2102   58.32
31.7246   -22.1662   59.7232
31.9314   -23.147   61.152
32.0423   -23.788   62.0832
