4.67454   16.5395   14.3669
4.99096   17.2815   15.0522
5.36524   18.1274   15.8371
5.70721   18.8781   16.5368
6.10052   19.7058   17.3149
6.49719   20.5193   18.0838
6.87744   21.2714   18.7996
7.28959   22.0664   19.5601
7.76997   22.9598   20.421
8.17787   23.6953   21.1341
8.80408   24.7831   22.1977
9.26619   25.5557   22.9606
9.91919   26.6131   24.0136
10.3925   27.3515   24.7567
11.0755   28.386   25.8067
11.5975   29.1501   26.5909
12.3557   30.2207   27.7029
12.902   30.9672   28.4867
13.387   31.6125   29.1704
13.9577   32.3493   29.9598
14.5431   33.0879   30.7575
15.0392   33.6955   31.4203
15.6474   34.4224   32.2206
16.2707   35.149   33.0285
16.7736   35.7176   33.6685
17.4172   36.4302   34.4776
-30.2037   -27.1276   -27.1704
-10.6662   -13.0238   6.42593
-11.1305   -13.7799   6.73495
-11.5727   -14.5277   7.03759
-12.0055   -15.2849   7.3416
-12.4317   -16.0595   7.64956
-12.8324   -16.8147   7.94737
-13.2393   -17.6157   8.26078
-13.6082   -18.3661   8.55265
-14.0516   -19.3165   8.91909
-14.433   -20.1661   9.24466
-14.8877   -21.2378   9.65121
-15.2333   -22.0992   9.97587
-15.6769   -23.2654   10.4127
-15.9988   -24.1636   10.7476
-16.422   -25.4194   11.2126
-16.6503   -26.1462   11.4789
-17.0242   -27.4038   11.9362
-17.0915   -27.6438   12.0229
-17.2777   -28.3373   12.2725
-17.5187   -29.2839   12.6113
-17.7461   -30.2428   12.9525
-17.894   -30.9073   13.1884
-17.9583   -31.2143   13.2969
-18.0879   -31.8695   13.5277
-18.2671   -32.843   13.8703
-18.4286   -33.8259   14.2083
-18.5713   -34.8179   14.5417
-18.6966   -35.8172   14.8771
3.77107   17.1406   81.997
3.87388   18.144   86.7014
3.92713   18.7237   89.4153
3.9625   19.1542   91.4293
4.00408   19.7216   94.0811
4.067   20.7224   98.7505
4.11651   21.7262   103.425
4.11917   19.0725   90.9579
4.08228   19.4737   92.0971
3.85479   19.4038   94.0196
4.04661   19.5853   95.8926
3.76839   19.8205   97.0624
3.80275   19.4592   98.1017
4.00966   19.5928   99.7274
3.73947   19.8065   100.903
3.78132   19.4429   101.864
4.06465   19.6369   103.338
3.76442   19.8625   104.416
3.77904   19.4578   105.221
4.07983   19.6515   106.453
3.74976   19.8778   107.557
3.7581   19.4717   108.405
