-2.60406   17.6969   62.1678
-3.36956   18.346   63.5863
-4.19807   18.9474   65.0291
-5.08436   19.4878   66.4937
-6.01338   19.9446   67.9578
-6.96022   20.3096   69.3817
-7.90174   20.589   70.7586
-8.81754   20.7885   72.0726
-9.60406   20.8855   73.1881
-10.5877   20.9488   74.5782
-11.4223   20.9336   75.7559
-12.1791   20.883   76.8229
-13.035   20.7511   77.9911
-13.9222   20.5539   79.213
-14.8239   20.2856   80.4814
-18.2524   18.4399   85.778
-18.9797   17.8108   87.1029
-19.6267   17.1455   88.3836
-20.194   16.4648   89.6087
-20.6354   15.8531   90.6555
-21.0898   15.1237   91.851
-21.8212   13.6166   94.1884
-22.1444   12.7104   95.5337
-22.3373   12.022   96.5433
-22.5238   11.0746   97.9372
-22.6292   10.0933   99.3786
-22.6451   9.09243   100.853
-22.5738   8.09992   102.326
-22.4191   7.13764   103.772
-22.2542   6.45592   104.81
-21.9444   5.52628   106.259
-21.5906   4.6759   107.629
-21.1962   3.92359   108.898
-16.7178   6.48864   -5.05014
-17.212   7.22613   -4.77503
-17.5731   8.0521   -4.49593
-17.8343   9.03443   -4.17979
-17.9071   9.6218   -3.99595
-17.9084   10.1147   -3.84242
-17.8824   10.5551   -3.70489
-17.7668   11.1706   -3.51397
-17.4601   12.1058   -3.21438
-17.0845   12.8746   -2.95356
-16.5483   13.5748   -2.67567
-15.8487   14.266   -2.36208
-14.9859   14.8562   -2.02512
-14.0364   15.2718   -1.69336
-13.0966   15.5036   -1.38364
-12.2479   15.5862   -1.11543
-11.3912   15.5132   -0.850646
-10.4493   15.2916   -0.54725
-9.49281   14.8766   -0.21297
-8.63056   14.2784   0.121055
-16.1705   7.75685   4.69934
-16.3844   8.62018   4.90486
-16.3947   9.56676   5.14291
-16.1904   10.4343   5.37621
-15.772   11.13   5.5803
-15.0567   11.8705   5.84463
-14.072   12.3641   6.14087
-13.1177   12.5142   6.40649
-12.1675   12.4115   6.67147
-11.579   12.2092   6.8438
-16.4738   6.29732   3.97168
-17.0724   5.79884   3.86241
-17.2488   5.04354   3.72331
-17.1014   4.26255   3.5473
-16.505   3.73822   3.34306
-16.6345   5.56417   1.83864
-16.7268   4.50276   1.40638
-16.3521   3.89799   1.13683
-11.22   -12.7695   42.6296
-11.7225   -13.2905   42.932
-11.9016   -13.4717   43.0386
-12.4094   -13.9729   43.3366
-13.1157   -14.65   43.7453
-13.8406   -15.3205   44.1576
-14.5838   -15.983   44.5734
-15.0847   -16.4131   44.8499
-15.8456   -17.0465   45.2652
-16.6877   -17.721   45.7176
-17.4843   -18.3333   46.1371
-18.6875   -19.2138   46.7578
-19.511   -19.7871   47.1752
-20.3636   -20.3578   47.6022
-20.7371   -20.5999   47.7873
-21.2145   -20.9025   48.0226
-22.3927   -21.6214   48.5972
-22.8319   -21.879   48.8092
-23.2507   -22.1201   49.0105
-23.7062   -22.3769   49.2283
-24.6675   -22.8993   49.6846
-25.1451   -23.1508   49.9099
-25.5563   -23.3612   50.1024
-26.0529   -23.6099   50.3337
-26.4525   -23.8061   50.519
-26.9664   -24.0508   50.7559
-27.8858   -24.4728   51.1769
-28.8099   -24.8746   51.5963
-29.737   -25.256   52.0133
-30.6661   -25.6174   52.4283
-11.7189   12.3608   50.2455
-12.2796   13.1046   51.1283
-12.8341   13.8476   52.007
-13.316   14.5016   52.7771
-13.8594   15.2483   53.6523
-14.3389   15.9138   54.4293
-14.8712   16.664   55.301
-15.3972   17.4129   56.1684
-15.9372   18.1933   57.0677
-16.4602   18.9581   57.9454
-17.1467   19.9759   59.1089
-17.6356   20.7125   59.9483
-18.3131   21.7455   61.1208
-18.8108   22.5159   61.9913
-19.4733   23.5574   63.1629
-19.943   24.3058   64.0019
-20.6521   25.4578   65.2869
-21.0987   26.1962   66.1066
-21.5516   26.9529   66.9445
-21.993   27.7012   67.7702
-22.4346   28.4582   68.6033
-22.8701   29.2169   69.4355
-23.2992   29.9738   70.2636
-23.7285   30.743   71.1021
-24.1457   31.4993   71.9245
8.71832   -14.2174   25.1007
9.65601   -14.507   26.698
10.5598   -14.692   28.1854
11.3655   -14.7565   29.4676
12.2288   -14.766   30.8387
13.1247   -14.6764   32.2737
14.0825   -14.5015   33.8282
14.7601   -14.3085   34.9492
15.6604   -13.9538   36.4847
16.5361   -13.4957   38.0683
17.3558   -12.9465   39.663
18.0947   -12.3321   41.2188
18.5944   -11.8231   42.3715
19.2028   -11.08   43.923
19.7034   -10.3549   45.3439
20.1016   -9.58717   46.7373
20.4746   -8.71206   48.2755
20.6964   -7.99877   49.489
20.8979   -7.05428   51.064
21.0094   -6.06098   52.6999
21.019   -5.04883   54.3616
20.9216   -4.05082   56.0049
20.7257   -3.1016   57.5911
20.5036   -2.38336   58.819
20.1248   -1.51155   60.3604
19.7205   -0.742965   61.767
19.2197   -0.0173659   63.1998
18.6056   0.726577   64.7688
18.1044   1.22304   65.9195
17.3518   1.82406   67.494
16.5224   2.35438   69.1071
16.6314   9.58169   68.77
17.3406   10.2569   72.2577
17.8496   10.7598   74.8075
18.0249   10.9398   75.7034
18.5245   11.4696   78.3
19.172   12.1831   81.7316
19.793   12.8991   85.1051
20.2864   13.4979   87.8741
20.8701   14.2347   91.2346
21.472   15.0332   94.8094
22.0131   15.7794   98.1027
22.6512   16.7105   102.137
23.1669   17.505   105.526
-13.2691   -11.2901   -25.1066
-13.817   -11.533   -24.4128
-14.1723   -11.6793   -23.9666
-14.7625   -11.904   -23.2347
-15.708   -12.2316   -22.0766
-16.6495   -12.517   -20.9402
-17.5814   -12.7607   -19.8295
-18.3083   -12.9196   -18.9713
-19.2496   -13.0909   -17.869
-20.1688   -13.2271   -16.8018
-20.9761   -13.3111   -15.8725
-21.8808   -13.3763   -14.8344
-22.7374   -13.4054   -13.8526
-24.6273   -13.3648   -11.6793
-25.81   -13.2634   -10.3156
-26.7361   -13.1402   -9.24264
-27.9646   -12.9286   -7.81083
-28.8895   -12.7226   -6.72434
-30.1243   -12.3915   -5.25776
-31.0575   -12.0937   -4.13287
-32.3584   -11.6029   -2.53168
-33.2799   -11.2005   -1.37119
-34.1908   -10.7563   -0.198336
-35.0854   -10.2723   0.980304
-35.9593   -9.74987   2.15782
-36.8059   -9.189   3.33181
-37.6198   -8.59586   4.4974
-38.4013   -7.9769   5.65208
-39.1467   -7.33659   6.79194
-39.6522   -6.87013   7.5921
-11.3712   12.6246   54.5683
-12.2208   13.1699   57.7831
-13.0876   13.6913   61.007
-13.9706   14.1852   64.2353
-14.8677   14.6491   67.4675
-15.7756   15.082   70.6974
-16.6909   15.4852   73.9107
-17.611   15.8599   77.1033
-18.2088   16.0882   79.1645
-19.0311   16.3758   81.9732
-19.8399   16.639   84.7183
-20.4971   16.8329   86.9326
-21.7636   17.1661   91.168
-22.8518   17.4155   94.7841
-23.5969   17.5636   97.2486
-25.0547   17.8017   102.039
-25.8008   17.902   104.479
-26.5769   17.9849   107.003
-27.3436   18.0538   109.49
