12.8552   11.7557   34.9572
13.2612   12.5562   36.7224
13.616   13.3027   38.3456
13.9779   14.1471   40.1491
14.3238   15.0294   42.0104
14.5766   15.7531   43.5142
14.8617   16.6674   45.3921
15.1225   17.6103   47.3111
15.3842   18.7214   49.5517
15.4972   19.2819   50.6743
15.5715   19.6864   51.4839
15.7331   20.7502   53.5988
15.8503   21.7657   55.6087
15.9406   22.9808   58.0066
15.9708   23.9295   59.8743
15.9458   25.4169   62.8041
15.8745   26.4667   64.8726
15.6519   28.2655   68.433
15.4796   29.2375   70.3727
15.3408   29.9021   71.7081
15.2741   30.1874   72.2859
15.097   30.8664   73.6689
14.8251   31.8013   75.585
14.5265   32.7021   77.4488
14.2524   33.4306   78.9733
13.8933   34.2957   80.8071
13.5541   35.0506   82.4264
13.1422   35.8665   84.2073
12.7249   36.641   85.9182
12.2787   37.3903   87.6065
11.8297   38.1067   89.2434
14.8554   10.637   23.9473
15.7752   11.037   25.2457
16.6985   11.4154   26.5387
17.6238   11.773   27.8267
18.2311   11.9963   28.6681
19.1738   12.3246   29.9659
20.1155   12.6323   31.2541
21.0546   12.919   32.5316
21.9895   13.1847   33.7971
22.6821   13.3649   34.7295
24.5211   13.7968   37.1913
26.7154   14.2111   40.0966
28.067   14.4135   41.8715
28.814   14.5099   42.8495
30.1474   14.652   44.5918
31.012   14.722   45.7201
32.3563   14.8019   47.4686
33.2465   14.8345   48.6243
34.1114   14.8481   49.7489
34.9837   14.8461   50.8837
35.8678   14.8259   52.0343
36.7191   14.7923   53.1423
37.6179   14.7375   54.3139
