12.3589   -12.0396   50.9368
12.881   -12.7885   53.6186
13.3475   -13.4859   56.0862
13.8331   -14.2421   58.7306
14.2859   -14.974   61.2637
14.7343   -15.7335   63.8593
15.1691   -16.4992   66.4506
15.5789   -17.2578   68.9872
16.041   -18.155   71.9551
16.4425   -18.9729   74.6337
16.9866   -20.1547   78.4599
17.2641   -20.79   80.497
17.7884   -22.0735   84.5659
18.1067   -22.9026   87.1684
18.4834   -23.9452   90.4118
18.5872   -24.2489   91.3507
18.7817   -24.842   93.179
19.2168   -26.2676   97.5467
19.4786   -27.2071   100.404
19.6591   -27.8928   102.481
19.7268   -28.16   103.29
19.8884   -28.8388   105.334
20.1016   -29.7985   108.215
28.576   -0.728557   62.4696
28.5712   -0.316309   62.0999
28.3223   -0.502356   61.5679
28.5801   -0.680903   61.0057
28.602   -0.305469   60.6208
28.3407   -0.51092   60.1317
28.5415   -0.649135   59.4201
28.3284   -0.511129   58.6111
28.8732   -0.753204   57.7287
28.9461   -0.249438   57.076
29.113   -0.41542   56.692
29.1612   -0.377887   55.774
29.3011   -0.676905   54.6391
29.2081   -0.849404   53.5506
29.1928   -0.827716   52.735
29.1881   -0.806054   51.7496
29.191   -0.73562   50.8817
29.2008   -0.70208   50.0279
29.1106   -0.883519   48.3669
29.1134   -0.662574   47.6595
29.0682   -0.824419   47.3276
29.1286   -0.619966   46.6883
29.1013   -0.784343   46.3141
29.122   -0.745927   45.166
29.0854   -0.541327   44.5072
29.1217   -0.714681   44.2083
29.0924   -0.512225   43.6878
29.1311   -0.653189   43.3201
-13.326   -11.501   -9.21716
-13.7262   -12.2559   -9.63985
-14.1174   -13.0742   -10.0878
-14.4444   -13.8134   -10.4868
-14.7806   -14.6782   -10.9412
-15.0966   -15.581   -11.4087
-15.3169   -16.2847   -11.7702
-15.5617   -17.2148   -12.244
-15.8074   -18.3485   -12.8152
-15.9753   -19.3466   -13.3137
-16.1023   -20.4772   -13.8748
-16.1682   -21.4655   -14.3647
-16.1931   -22.8843   -15.0686
-16.1553   -23.8981   -15.5729
-16.0262   -25.3031   -16.2738
-15.9402   -25.9263   -16.5859
-15.762   -26.8994   -17.0729
-15.456   -28.2036   -17.7293
-15.2594   -28.9025   -18.0861
-14.956   -29.8252   -18.5668
-14.6297   -30.7117   -19.034
-14.3242   -31.454   -19.4295
-13.9341   -32.2903   -19.8829
-13.5492   -33.0539   -20.3031
-13.1101   -33.8292   -20.7413
-12.6483   -34.5954   -21.1824
-12.1749   -35.3013   -21.6058
-11.6338   -36.054   -22.0683
-11.1417   -36.6772   -22.4666
-10.523   -37.3941   -22.9438
-9.85703   -38.1065   -23.4361
-9.35302   -38.6056   -23.7946
-8.63408   -39.2621   -24.2851
-12.6369   11.8887   96.6689
-13.0688   12.6534   101.57
-13.4916   13.4472   106.588
-13.7322   18.8605   108.108
-13.9618   23.3508   105.611
-14.482   23.0122   103.441
-15.1957   23.4636   100.105
-15.2306   24.0933   97.8031
-14.7246   24.4395   95.6071
-14.0735   24.2151   93.0555
-13.9281   23.1707   88.9689
-14.4644   22.9052   86.5092
-15.0471   23.4594   83.0916
-14.7976   24.0714   80.181
-14.1763   24.0063   76.8973
-14.1656   23.2135   73.1379
-15.2766   23.5512   68.1069
-15.1451   24.3306   65.5759
-14.5095   24.621   63.7708
-13.8452   24.2798   61.882
-13.553   23.3477   59.4302
-14.0004   22.75   57.5826
-14.7744   22.5905   55.6082
-15.5408   23.2632   53.143
-15.5689   23.9519   51.524
-15.0661   24.4177   49.7898
-14.4151   24.5707   48.0332
-13.8907   24.2015   46.2574
-13.7988   23.3592   43.7463
-14.286   22.9731   41.7465
-15.2712   23.395   38.1553
-15.2792   23.9658   36.3429
-14.8345   24.3506   34.4564
-14.1939   24.181   31.9255
-13.9466   23.3896   28.3949
-15.0836   23.5181   23.8812
-15.125   24.1378   21.8587
-14.6536   24.4759   19.8573
-14.0263   24.2234   17.4314
-14.0118   23.225   13.6349
-15.0072   23.5829   9.39157
-15.0018   24.1939   7.26875
-14.4757   24.4824   5.28152
-13.9913   24.1604   3.02635
-14.7319   23.7106   -4.53751
-14.3598   24.3369   -8.6246
-13.8773   24.2077   -10.8659
-14.7149   23.8365   -18.0186
-14.6351   24.4045   -20.8024
-14.1441   24.1552   -23.6519
-14.9207   23.7066   -30.318
-15.0421   24.363   -32.3489
-14.5662   24.8582   -34.3062
-13.9593   24.9472   -35.9658
-13.6627   24.4333   -37.6112
11.4517   12.561   25.314
12.0312   13.2976   26.6986
12.5202   13.9292   27.8784
13.085   14.6718   29.257
13.6413   15.4136   30.6275
14.1217   16.0676   31.8268
14.6624   16.8142   33.1893
15.1399   17.4839   34.4052
15.7412   18.3417   35.9543
16.2358   19.0627   37.2468
16.9036   20.0509   39.0098
17.4165   20.8275   40.3866
18.1049   21.8892   42.2586
18.585   22.6433   43.5805
19.212   23.6499   45.333
19.6901   24.4351   46.6916
20.3846   25.598   48.6943
20.8268   26.3561   49.9926
21.263   27.1163   51.2891
21.6897   27.8744   52.5757
22.1176   28.6478   53.8828
22.529   29.405   55.1561
22.9486   30.1906   56.4711
23.3451   30.9463   57.7309
23.7552   31.7444   59.0554
-16.621   -0.521577   72.4145
-17.5475   -0.408514   76.4639
-18.3386   -0.29814   79.9217
-19.2685   -0.153773   83.9967
-20.0316   -0.0237483   87.3499
-20.9622   0.15416   91.4548
-21.901   0.347932   95.609
-22.848   0.559471   99.8145
-23.7501   0.782287   103.849
-24.6401   1.01426   107.845
2.52192   -17.7026   18.1093
2.7807   -18.6409   19.081
3.04829   -19.5696   20.0453
3.26202   -20.273   20.7787
3.55259   -21.1927   21.7411
3.85165   -22.1013   22.6954
4.09921   -22.8209   23.4542
4.42028   -23.718   24.4046
4.76645   -24.6476   25.3938
5.10198   -25.5123   26.3178
5.56361   -26.6509   27.541
5.92976   -27.5179   28.4781
6.42207   -28.6336   29.6933
6.79436   -29.4476   30.5855
7.31816   -30.5411   31.7946
7.72928   -31.3673   32.7152
8.33352   -32.5385   34.0298
8.75686   -33.3246   34.9205
9.18147   -34.0976   35.8007
9.61065   -34.8513   36.6664
10.0474   -35.6042   37.5348
10.5036   -36.3556   38.4113
10.9748   -37.1153   39.3028
11.4355   -37.8333   40.1537
11.931   -38.5897   41.0557
-15.7121   10.206   39.6045
-16.6539   10.4774   41.659
-17.5881   10.7186   43.6806
-18.3077   10.8826   45.2248
-19.2501   11.073   47.2351
-20.1787   11.2368   49.2064
-20.9597   11.3513   50.8566
-21.8839   11.4646   52.8055
-22.7038   11.5479   54.5314
-23.7668   11.6224   56.7649
-24.6049   11.6592   58.5228
-25.8999   11.6741   61.2346
-26.7243   11.6601   62.9598
-27.9684   11.598   65.5654
-28.9031   11.5206   67.5279
-30.1478   11.3798   70.1481
-31.0085   11.2509   71.9719
-32.4425   10.992   75.0309
-33.1737   10.8312   76.6094
-34.111   10.5982   78.6481
-35.0569   10.3358   80.7186
-35.7155   10.1371   82.1694
-36.0064   10.0442   82.8139
-36.6435   9.82925   84.2343
-37.5729   9.49241   86.329
-38.5006   9.1246   88.4491
-39.4239   8.72425   90.5876
-16.4768   -9.042   57.0888
-16.7613   -9.12945   57.9883
-17.4269   -9.3234   60.0853
-18.3716   -9.58287   63.0454
-19.3107   -9.82155   65.9705
-20.0277   -9.99073   68.1965
-20.973   -10.1942   71.1212
-21.9097   -10.3792   74.0102
-22.6712   -10.5167   76.3533
-23.7536   -10.6861   79.673
-24.6929   -10.8145   82.5473
-25.8979   -10.9519   86.2241
-26.7362   -11.0302   88.7747
-27.9891   -11.1196   92.5788
-28.9269   -11.1656   95.4233
-30.1928   -11.1972   99.2601
-30.9703   -11.1981   101.616
-32.3486   -11.1718   105.797
