9.07882   -14.0145   47.4144
9.34904   -14.7443   49.5889
9.66229   -15.6413   52.2437
9.96105   -16.5599   54.9432
10.1741   -17.2653   56.9987
10.4351   -18.1965   59.6968
10.6776   -19.1463   62.4398
10.8973   -20.1164   65.2319
11.0809   -21.0746   67.976
11.2126   -21.8425   70.1727
11.4157   -23.3646   74.5079
11.511   -24.3069   77.1794
11.598   -25.4902   80.5297
11.6363   -26.5336   83.4648
11.6427   -27.9519   87.4492
11.6156   -28.8663   90.023
11.5848   -29.4575   91.6813
11.4702   -30.815   95.4938
11.3556   -31.8131   98.307
11.2175   -32.802   101.1
11.0567   -33.7785   103.874
10.9343   -34.4281   105.73
10.7221   -35.4019   108.533
16.5585   8.649   -4.58777
17.2557   9.32745   -4.81142
17.7608   9.84412   -4.97644
18.4217   10.557   -5.19926
19.0529   11.2732   -5.41773
19.5521   11.8667   -5.59491
20.1399   12.608   -5.81212
20.6973   13.3459   -6.02501
21.1724   14.0152   -6.21339
21.7613   14.8896   -6.45452
22.2114   15.6041   -6.64667
22.8507   16.6873   -6.9322
23.2807   17.469   -7.13433
23.8479   18.5841   -7.4173
24.206   19.3381   -7.60623
24.7179   20.5248   -7.89965
25.0667   21.4045   -8.11517
25.5199   22.6732   -8.42464
25.8197   23.5959   -8.64792
26.0242   24.3012   -8.8167
26.2737   25.2418   -9.04252
26.5008   26.203   -9.27355
26.6407   26.8609   -9.43107
26.703   27.1816   -9.50867
26.8187   27.8266   -9.66505
26.9724   28.8057   -9.90158
27.0995   29.7969   -10.1398
-16.7584   4.30264   60.6861
-17.6332   4.82434   64.148
-18.4885   5.37568   67.6118
-19.318   5.95777   71.0774
-20.1193   6.5631   74.5238
-20.897   7.18601   77.9445
-21.6497   7.82392   81.3279
-22.1529   8.27258   83.6393
-22.8735   8.95432   87.0406
-23.9005   9.99925   92.0633
-24.6684   10.8483   95.9835
-25.6071   11.9727   100.999
-26.0596   12.5611   103.546
-26.5136   13.1797   106.179
9.53264   13.5708   98.2131
8.93633   14.3117   102.635
8.44504   14.8145   105.88
