16.6721   4.08961   10.821
17.4797   4.1765   11.3392
18.3936   4.26486   11.9252
19.2205   4.33365   12.4553
20.1274   4.39719   13.0358
20.9712   4.4473   13.5757
21.8695   4.48759   14.1501
22.7287   4.51822   14.6991
23.7711   4.53754   15.3647
24.6228   4.54094   15.9087
25.8574   4.53016   16.6975
26.7552   4.50639   17.2707
28.0047   4.45837   18.0682
28.8873   4.41009   18.6323
30.1038   4.32417   19.4206
31.025   4.24222   20.0235
32.3142   4.10873   20.8682
33.2327   3.99698   21.4714
34.1606   3.87356   22.0818
34.9441   3.75767   22.5993
35.8743   3.6068   23.2166
36.8127   3.44252   23.8419
37.5657   3.29912   24.3449
38.5029   3.10941   24.9717
39.4454   2.90804   25.6037
40.1689   2.74339   26.0897
-13.4747   -11.3676   19.2718
-13.9853   -12.1264   20.2613
-14.4695   -12.8762   21.2277
-14.9125   -13.6097   22.1564
-15.3483   -14.3616   23.0961
-15.7651   -15.1392   24.0473
-16.1784   -15.9478   25.0249
-16.5329   -16.7046   25.9161
-16.9748   -17.7066   27.0813
-17.2597   -18.4084   27.8868
-17.7168   -19.6323   29.2772
-18.0201   -20.5298   30.2842
-18.3702   -21.6901   31.5728
-18.6192   -22.6296   32.6073
-18.8826   -23.7572   33.8396
-18.9375   -24.0158   34.1206
-19.0752   -24.7234   34.8848
-19.3278   -26.2479   36.5239
-19.4561   -27.2461   37.591
-19.5559   -28.2538   38.6648
-19.6275   -29.2685   39.7455
-19.6545   -29.8137   40.3263
-19.6695   -30.2889   40.8332
-19.6799   -30.8116   41.39
-19.6834   -31.3097   41.9207
-19.6806   -31.8106   42.4548
-19.6704   -32.3314   43.0103
-19.655   -32.8071   43.517
-19.6276   -33.3519   44.0969
-19.5518   -34.3677   45.1806
-19.4451   -35.3745   46.2573
6.44249   15.3642   45.3273
7.10421   16.0542   47.7862
7.81056   16.7322   50.3022
8.55929   17.3927   52.8622
9.35192   18.0294   55.4673
9.83667   18.3857   57.0161
10.6565   18.9441   59.5714
11.5048   19.4658   62.1367
12.4631   19.9973   64.9567
12.8877   20.2117   66.1802
13.4136   20.4611   67.6883
13.8965   20.6775   69.0651
15.0509   21.1409   72.3018
15.882   21.4333   74.5938
16.5354   21.6355   76.3695
18.0533   22.0163   80.4352
19.1252   22.2176   83.2751
21.2302   22.4528   88.8099
22.0262   22.4907   90.8972
22.7867   22.4961   92.8895
23.6028   22.4772   95.0293
25.3209   22.3398   99.5456
26.2386   22.2079   101.974
27.1836   22.0323   104.492
27.9017   21.8659   106.424
-14.0465   11.0677   59.8438
-14.6235   11.7999   67.7747
-15.1016   12.4649   74.7746
-15.5952   13.2223   82.5494
-16.0388   13.9788   90.1137
-16.4372   14.7373   97.4775
-16.8325   15.5576   105.334
