-16.6066   5.71784   87.4511
-20.1235   5.81627   104.87
-17.5621   5.60267   95.9955
-19.244   5.82434   100.522
-18.3608   5.80994   96.1544
-17.5082   5.7758   91.9293
5.89925   15.7559   28.6235
6.28447   16.5886   30.247
6.64777   17.3427   31.7268
7.0556   18.1503   33.3248
7.45086   18.9096   34.8363
7.87406   19.694   36.4179
8.29944   20.4619   37.9783
8.73993   21.2142   39.5237
9.25987   22.0715   41.2992
9.7391   22.8297   42.8864
10.3971   23.8181   44.9851
10.9336   24.5844   46.637
11.6711   25.5933   48.8401
12.2188   26.3062   50.4204
13.0488   27.3413   52.7531
13.4969   27.88   53.9847
14.5447   29.0784   56.7763
15.0496   29.6283   58.0843
15.7138   30.3296   59.7748
16.3959   31.0271   61.484
16.9002   31.5262   62.7273
17.6078   32.1981   64.4385
18.3345   32.8629   66.1679
19.0805   33.519   67.914
19.8454   34.1655   69.6762
20.341   34.5673   70.8013
