4.36012   -17.6723   46.9878
4.13861   -18.624   49.4489
4.5399   -16.6911   44.4719
3.63518   -20.2489   53.7284
3.94554   -19.3261   51.2795
4.5399   -16.6911   44.4719
4.5399   -16.6911   44.4719
4.36012   -17.6723   46.9878
4.13861   -18.624   49.4489
3.94554   -19.3261   51.2795
3.63518   -20.2489   53.7284
3.29893   -21.1285   56.1014
2.97641   -21.8774   58.1599
2.57051   -22.6972   60.4778
-8.62926   -32.6346   98.3134
-8.04089   -32.4079   96.7665
-9.57736   -32.9623   100.778
-10.5203   -33.2416   103.2
-12.1919   -33.6242   107.431
-11.4519   -33.4751   105.571
4.5399   -16.6911   44.4719
4.36012   -17.6723   46.9878
4.13861   -18.624   49.4489
3.94554   -19.3261   51.2795
3.63518   -20.2489   53.7284
3.29893   -21.1285   56.1014
