2.83027   -17.5611   95.622
3.69075   -18.3836   -3.58123
2.95399   -19.0596   -3.12644
3.19079   -18.8476   -3.27104
2.45126   -19.4897   -2.82642
4.25398   -19.7834   93.4298
4.73427   -20.4134   92.7756
5.34252   -21.1261   92.0055
5.99979   -21.8346   91.2108
6.71035   -22.5323   90.3922
9.26242   -24.5418   87.7338
10.0976   -25.0744   86.9208
11.5902   -25.8978   85.5252
11.118   -25.6577   85.9588
12.0219   -26.1068   85.1324
12.5474   -26.3398   84.6599
13.518   -26.7302   83.8008
16.6506   -27.6118   81.1378
17.4197   -27.752   80.498
18.3587   -27.8667   79.7214
19.2652   -27.9472   78.977
20.1117   -27.9864   78.2894
20.9884   -27.994   77.5786
21.8777   -27.9619   76.8545
22.7048   -27.9012   76.178
23.6184   -27.7892   75.4268
24.5606   -27.6372   74.6477
25.2996   -27.4828   74.031
26.2342   -27.2472   73.2409
27.1804   -26.964   72.43
28.1312   -26.6294   71.6034
28.7103   -26.3975   71.0937
29.6087   -25.9907   70.2882
30.4949   -25.536   69.4736
31.3609   -25.0395   68.6581
-36.8023   -8.98781   18.7141
