16.5928   5.6356   53.3928
25.6434   0.332723   21.7558
28.2458   1.85809   59.5929
32.0021   -2.77535   62.0386
32.4652   -3.46844   62.3742
32.9537   -4.22232   62.7336
33.4061   -4.94742   63.0773
33.8539   -5.70325   63.4334
34.2821   -6.47312   63.7907
34.6764   -7.22575   64.1398
35.0711   -8.04055   64.5203
35.4204   -8.78952   64.8689
35.7911   -9.62604   65.2558
36.1547   -10.4854   65.6498
36.4488   -11.2224   65.9851
36.7804   -12.1042   66.3842
37.0991   -13.0088   66.7827
37.3319   -13.7242   67.0859
37.6133   -14.6446   67.4704
