19.3192   6.60572   9.18746
26.7549   7.32986   12.5783
16.71   6.12582   7.97882
21.8213   6.95319   10.3331
17.4525   6.27302   8.32398
12.5584   11.8842   45.3796
13.1099   12.6326   47.7756
13.6416   13.3769   50.1332
14.1095   14.063   52.2737
14.6066   14.8152   54.596
15.0618   15.5362   56.7903
15.5211   16.293   59.0688
15.9607   17.0462   61.3144
16.4474   17.9155   63.88
16.8913   18.7375   66.2848
17.4588   19.839   69.4722
17.8253   20.5922   71.6267
18.3219   21.6584   74.6544
18.6996   22.5219   77.0815
19.1952   23.7205   80.4226
19.5123   24.5365   82.6767
19.9728   25.8055   86.1531
20.2785   26.7126   88.6167
20.5724   27.6356   91.1081
20.7818   28.3416   93.0027
21.0398   29.2777   95.4935
21.2799   30.231   98.0089
21.4373   30.9025   99.7744
21.6427   31.8614   102.286
21.8322   32.8316   104.818
22.0041   33.8125   107.368
14.1095   14.063   52.2737
14.6066   14.8152   54.596
