17.5275   7.9885   31.3457
16.5942   7.64104   29.7324
20.0182   8.87473   35.6261
18.4609   8.32771   32.9538
17.5275   7.9885   31.3457
16.5942   7.64104   29.7324
16.5942   7.64104   29.7324
17.5275   7.9885   31.3457
18.4609   8.32771   32.9538
19.0781   8.5479   34.015
19.3948   8.65901   34.5582
20.0182   8.87473   35.6261
20.958   9.19309   37.2325
21.8972   9.50303   38.8337
22.8356   9.8045   40.4287
23.5946   10.0425   41.716
24.5266   10.327   43.2939
25.8449   10.7168   45.5215
26.7831   10.9851   47.1034
27.995   11.3203   49.142
28.9308   11.5704   50.712
30.064   11.8641   52.6094
30.9983   12.0957   54.17
32.4084   12.4324   56.5203
33.1301   12.5986   57.7207
33.3461   12.6471   58.0797
34.0733   12.8065   59.2868
35.0134   13.007   60.8445
35.9508   13.2005   62.3953
36.6943   13.3477   63.6236
37.6319   13.5272   65.1704
