25.9501   0.67935   45.3657
19.2753   1.4847   33.7004
18.3697   1.53768   32.1256
21.8397   1.25829   38.1688
22.7592   1.15244   39.7745
16.6218   1.6084   29.0884
16.6218   1.6084   29.0884
17.477   1.58029   30.5742
18.3697   1.53768   32.1256
19.2753   1.4847   33.7004
20.1103   1.42099   35.1535
21.0241   1.34133   36.7457
21.8397   1.25829   38.1688
22.7592   1.15244   39.7745
23.774   1.02162   41.5485
24.6214   0.896133   43.0331
25.9501   0.67935   45.3657
26.6364   0.556836   46.5732
28.0231   0.280943   49.0219
28.8227   0.110052   50.437
29.9901   -0.160806   52.5102
30.2945   -0.234966   53.0514
30.9209   -0.394516   54.167
32.2906   -0.764098   56.6151
33.2302   -1.03666   58.3031
34.1726   -1.32414   60.0031
35.1172   -1.62682   61.714
35.7508   -1.84067   62.8673
36.6827   -2.17003   64.5715
37.6151   -2.51557   66.2853
38.547   -2.87661   68.0078
39.4778   -3.25355   69.7383
40.0407   -3.48899   70.7895
40.4061   -3.64641   71.4768
