-18.9397   -16.6   44.1021
-18.1168   -15.9935   42.3156
-14.1533   -12.9327   33.5632
-15.7212   -14.1698   37.0525
-14.1533   -12.9327   33.5632
16.7661   9.23887   36.7586
17.3394   9.47267   37.9471
18.2723   9.84189   39.8753
19.2057   10.1993   41.7966
20.1395   10.5457   43.7116
21.0733   10.8812   45.6199
22.0067   11.2051   47.5197
22.6405   11.4168   48.8047
23.9001   11.8223   51.35
24.4673   11.9982   52.4923
25.8177   12.3999   55.2037
26.7547   12.6655   57.0791
27.9282   12.9848   59.4221
28.8646   13.2269   61.2858
30.2015   13.5548   63.9367
30.9977   13.7352   65.5064
32.2856   14.0121   68.038
33.2264   14.2001   69.8811
34.1617   14.377   71.7093
34.9233   14.5124   73.1935
35.8587   14.6669   75.0112
36.7874   14.8104   76.8133
37.5734   14.9222   78.3366
