-16.5305   1.92206   14.2005
-19.3555   2.59289   16.7044
-17.4676   2.13345   15.029
-18.4095   2.35699   15.8638
-17.4676   2.13345   15.029
-16.5305   1.92206   14.2005
-16.5305   1.92206   14.2005
-17.4676   2.13345   15.029
-18.4095   2.35699   15.8638
-19.3555   2.59289   16.7044
-20.0506   2.77633   17.3239
-20.9908   3.03614   18.1655
-21.9342   3.31021   19.0134
-22.8785   3.59641   19.8657
-23.6365   3.83342   20.5557
-24.5743   4.13919   21.4143
-25.9616   4.61463   22.6901
-26.8911   4.94824   23.549
-28.0906   5.39979   24.6632
-29.033   5.77069   25.5429
-30.1003   6.21185   26.5447
-31.0087   6.60053   27.4016
-32.5042   7.27015   28.8213
-33.03   7.51427   29.3233
-33.4194   7.69866   29.6961
-33.9334   7.94561   30.1882
-34.3321   8.13986   30.5699
-34.8327   8.38955   31.0521
-35.7267   8.84628   31.9178
-36.6156   9.31597   32.7848
-37.4984   9.79866   33.652
-38.375   10.294   34.5196
