-23.7852   4.3331   39.8419
-17.5681   1.78531   28.8959
-28.8991   7.42298   49.4911
-21.9102   3.43883   36.4626
-17.5681   1.78531   28.8959
4.80509   16.5816   23.7199
4.92809   17.2302   24.6308
5.10508   18.2054   25.9992
5.27126   19.1863   27.3748
5.42684   20.1727   28.757
5.5739   21.1634   30.1433
5.66065   21.7792   31.0039
5.27713   22.0815   51.0472
6.18232   22.2437   49.9336
5.91073   23.7571   33.7678
5.96125   24.2006   34.387
6.01919   24.7262   35.1204
6.06668   25.1773   35.7492
6.17944   26.3462   37.3758
6.26837   27.3713   38.801
6.35535   28.5116   40.3849
6.41939   29.4839   41.7351
6.5   30.9871   43.8218
6.54322   32.0223   45.2584
6.585   33.3406   47.0875
6.59642   33.8249   47.7597
6.60607   34.3469   48.4847
6.61349   34.8394   49.1686
6.61778   35.353   49.8817
6.62045   35.8544   50.5777
6.61933   36.359   51.2772
6.61673   36.8691   51.9844
6.61124   37.3656   52.6733
6.60392   37.8834   53.3919
6.59403   38.3715   54.0692
6.58138   38.8975   54.799
6.56714   39.3766   55.4639
6.5487   39.9109   56.2055
