19.2339   -3.5212   20.8546
25.8748   -3.30379   28.0324
20.9963   -3.52971   22.7577
20.1179   -3.5295   21.8091
20.9963   -3.52971   22.7577
16.5695   -2.58756   53.622
16.6266   -3.41513   18.0299
17.473   -3.46306   18.9476
17.2899   -4.04272   50.984
18.3697   -3.49719   19.9193
19.2339   -3.5212   20.8546
20.1179   -3.5295   21.8091
20.9963   -3.52971   22.7577
21.8668   -3.51503   23.6972
22.7585   -3.49145   24.6601
23.7279   -3.44819   25.7077
24.6478   -3.39478   26.7029
25.8748   -3.30379   28.0324
26.7655   -3.22342   28.9981
28.0404   -3.08645   30.382
28.8003   -2.99461   31.2081
30.1408   -2.80739   32.6696
31.0599   -2.66557   33.6739
32.348   -2.44049   35.0846
33.2862   -2.26162   36.1146
34.0256   -2.11084   36.9283
34.9615   -1.90469   37.9623
35.9032   -1.68443   39.0067
36.8503   -1.44882   40.0619
37.5441   -1.2645   40.8381
38.4842   -1.00284   41.8927
39.4277   -0.725628   42.955
40.3738   -0.432562   44.0249
