-6.24152   -16.8905   22.7571
-3.53268   -17.0689   2.71931
17.4185   10.4334   103.003
-8.04252   -14.6948   43.0451
-16.7103   9.36653   22.8463
-17.6363   9.7293   24.0229
-18.2345   9.95512   24.7792
-19.1727   10.2969   25.9599
-20.1108   10.6254   27.1355
-21.0483   10.9402   28.3051
-21.9844   11.241   29.4676
-22.6405   11.443   30.2778
-23.8092   11.7882   31.7143
-24.5414   11.9945   32.6118
-25.8577   12.342   34.2203
-26.7976   12.5755   35.3651
-28.0811   12.875   36.924
-28.8588   13.0424   37.8659
-30.1882   13.3102   39.4714
-30.9032   13.4445   40.3319
-32.3545   13.6908   42.0737
-33.2831   13.834   43.1854
-34.07   13.9459   44.1262
-34.9966   14.0664   45.2333
-35.9152   14.1755   46.3293
-36.7249   14.2595   47.2928
-37.6376   14.3452   48.3773
