24.5668   11.2031   44.5321
19.3505   9.76631   35.6565
32.3726   12.5448   57.5389
16.5408   8.79631   30.7888
18.4145   9.45823   34.0427
-16.6229   3.5123   32.0977
-17.5544   3.6655   33.8779
-18.3285   3.78872   35.356
-19.2595   3.93267   37.1324
-20.188   4.07223   38.9026
-20.9717   4.18558   40.3953
-21.899   4.31628   42.1606
-22.6898   4.42479   43.6646
-23.7566   4.56568   45.692
-24.6171   4.67542   47.3263
-25.7937   4.81883   49.5602
-26.7349   4.92759   51.3459
-28.0099   5.06772   53.7643
-28.883   5.15902   55.4198
-30.1796   5.28536   57.876
-30.9308   5.3548   59.2985
-32.3698   5.47774   62.022
-33.2002   5.54455   63.593
-34.1087   5.61154   65.3103
-35.0136   5.67496   67.0202
-35.8513   5.72906   68.6031
-36.7529   5.78338   70.3067
-37.5969   5.83008   71.9011
-38.4952   5.87529   73.5979
-39.3454   5.91426   75.2045
