2.32168   20.6716   50.5289
-9.44247   -18.7299   48.0285
-2.90767   38.7404   96.4281
-8.42827   -15.2567   39.8732
-8.18112   -14.5364   38.1557
-2.90767   38.7404   96.4281
-8.18112   -14.5364   38.1557
-8.42827   -15.2567   39.8732
-8.72178   -16.1679   42.0303
-9.00211   -17.0961   44.2148
-9.19888   -17.7909   45.8414
-9.44247   -18.7299   48.0285
-9.67028   -19.6839   50.2441
-9.8814   -20.6513   52.4813
-10.0776   -21.6557   54.7904
-10.2431   -22.6071   56.9682
-10.4329   -23.8904   59.8906
-10.5601   -24.91   62.2051
-10.6983   -26.3408   65.4426
-10.7656   -27.2991   67.6062
-10.8257   -28.6168   70.5735
-10.8483   -29.6778   72.9604
-10.8332   -31.3192   76.6589
-10.795   -32.3342   78.9494
-10.7357   -33.3466   81.2384
-10.6544   -34.3545   83.5218
-10.5528   -35.3563   85.7973
-10.4322   -36.3517   88.0623
-10.2923   -37.339   90.3153
-10.133   -38.3165   92.5542
-10.0165   -38.9592   94.0285
