17.5076   -2.09448   53.29
18.4462   -1.91753   55.153
19.1936   -1.77048   56.6392
20.1312   -1.57983   58.5057
21.0724   -1.38203   60.3822
21.8028   -1.22263   61.8413
22.7422   -1.01156   63.7184
23.771   -0.772389   65.7763
24.7093   -0.545972   67.6579
25.8717   -0.254972   69.9936
26.8029   -0.0140842   71.8683
27.8579   0.267898   73.9966
28.7864   0.525013   75.8732
30.0895   0.89887   78.5141
31.0254   1.17709   80.416
32.3427   1.58149   83.1
33.2831   1.8801   85.0218
34.2248   2.1872   86.9501
34.8599   2.39933   88.2532
35.7952   2.71907   90.1763
36.7308   3.04714   92.1049
37.6667   3.3833   94.0392
38.6028   3.72786   95.9785
39.2032   3.9534   97.2246
39.5383   4.08069   97.9212
40.1313   4.3096   99.1561
