2.41558   -22.9213   16.0289
4.57559   -24.6065   17.655
8.83443   -25.7048   20.2604
2.9133   -23.4191   16.4464
4.57559   -24.6065   17.655
-14.7186   -10.7834   35.9216
-15.9711   -11.86   39.1577
-16.7163   -12.5153   41.1018
-17.4537   -13.1745   43.0398
-18.1831   -13.8374   44.9709
-18.6871   -14.3015   46.3121
-18.9044   -14.5034   46.8926
-19.4069   -14.9768   48.2454
-20.231   -15.7639   50.4786
-21.8356   -17.3386   54.8831
-22.5147   -18.0224   56.7702
-23.329   -18.8573   59.0539
-23.8848   -19.9703   62.5011
-23.9053   -19.9798   63.2789
-23.9109   -19.95   64.9836
-23.939   -19.9327   65.7156
-23.9612   -20.0037   66.5518
-23.9759   -20.0506   67.5941
-24.0271   -20.015   68.5565
-24.0187   -20.0602   69.6645
-23.9904   -19.5458   60.9231
-24.1952   -19.7947   62.7158
-24.8878   -20.4979   63.4876
-25.5404   -21.2028   65.3711
-26.3635   -22.1095   67.7703
-27.0025   -22.8252   69.6488
-27.6336   -23.5416   71.5177
-28.1317   -24.1181   73.0092
-28.7499   -24.8424   74.8722
-29.3592   -25.5665   76.7229
-29.8539   -26.1659   78.2463
