-11.4581   -17.5915   11.9553
-8.54565   -14.3044   9.43773
-8.54565   -14.3044   9.43773
-9.04109   -14.9036   9.88388
-9.65835   -15.6231   10.428
-10.2945   -16.342   10.9785
-10.7965   -16.8925   11.4049
-11.4581   -17.5915   11.9553
-12.1381   -18.2871   12.5117
-12.8362   -18.9781   13.0735
-13.4828   -19.5928   13.5849
-14.2087   -20.2607   14.1507
-15.1293   -21.0749   14.8559
-15.8812   -21.7129   15.4218
-16.9307   -22.5661   16.1984
-17.7268   -23.1857   16.7776
-18.5986   -23.8388   17.4039
-18.9473   -24.0915   17.6521
-19.4015   -24.4135   17.973
-20.8826   -25.4179   19.0044
-21.7354   -25.965   19.5886
-22.599   -26.4968   20.1744
-23.4735   -27.0129   20.7618
-24.3573   -27.5123   21.3493
-25.2489   -27.9955   21.9346
-26.1482   -28.4622   22.5182
-27.0539   -28.9117   23.101
