2.32122   17.747   6.79127
2.32122   17.747   6.79127
2.5538   18.7026   7.15651
2.79482   19.6507   7.51969
3.04438   20.5905   7.88066
3.23766   21.2838   8.14768
3.50725   22.2176   8.50877
3.78437   23.1431   8.86801
4.00391   23.8515   9.1438
4.34179   24.8972   9.55214
4.64645   25.8065   9.90805
5.07296   27.0282   10.388
5.3422   27.768   10.6799
5.77476   28.9198   11.1358
6.12088   29.8018   11.4868
6.61595   31.0214   11.9747
6.93358   31.7752   12.2777
7.46833   33.0045   12.7759
7.84849   33.8459   13.1192
8.23209   34.6765   13.4593
8.5892   35.426   13.7681
8.98707   36.2415   14.1054
9.36484   36.9954   14.4185
10.4136   37.1578   7.89423
9.776   37.7948   14.7527
10.1742   38.5519   15.0711
