22.9825   -24.8454   81.2122
22.8847   -24.7132   82.7578
23.0118   -24.8522   80.1043
23.1358   -24.8134   81.9325
6.37728   15.4506   20.2198
6.98238   16.1731   21.3457
7.62597   16.8943   22.4998
8.13018   17.4229   23.3686
8.82099   18.1027   24.5176
9.54576   18.7704   25.6902
10.3034   19.4225   26.884
11.0926   20.056   28.0943
10.7947   19.8238   27.642
11.6979   20.509   29.0003
12.5272   21.089   30.2118
13.5854   21.7731   31.7188
14.0304   22.0393   32.3398
14.4151   22.2623   32.8726
14.8929   22.5231   33.5186
16.0261   23.0957   35.0199
16.9759   23.5327   36.26
18.3329   24.0876   38.0076
19.2149   24.4056   39.1241
19.8602   24.6147   39.9307
21.0688   24.9602   41.4277
21.7749   25.1371   42.2956
22.7239   25.3403   43.4565
23.6566   25.5093   44.5923
24.4416   25.6261   45.5429
25.3684   25.7308   46.6595
26.2706   25.8084   47.7458
27.1123   25.846   48.7612
27.9903   25.8636   49.8221
28.8674   25.8484   50.8846
29.7147   25.8152   51.91
30.6133   25.7464   52.9845
31.5379   25.6518   54.0885
