-13.9356   -11.2581   16.4883
-14.8697   -11.615   17.3714
-13.9356   -11.2581   16.4883
-14.8697   -11.615   17.3714
-13.9356   -11.2581   16.4883
-14.8697   -11.615   17.3714
-15.8041   -11.9386   18.2424
-16.735   -12.2298   19.1003
-17.4143   -12.4183   19.7206
-18.3619   -12.6533   20.5798
-19.2981   -12.8575   21.4246
-20.0519   -13.0004   22.1021
-20.9899   -13.1481   22.941
-21.9086   -13.2683   23.7603
-22.7235   -13.347   24.4848
-24.5971   -13.4479   26.1447
-25.8681   -13.4432   27.2651
-26.7795   -13.4095   28.0706
-28.0085   -13.3214   29.1652
-28.9153   -13.2304   29.977
-30.086   -13.0658   31.0269
-31.0227   -12.9005   31.8708
-32.3607   -12.6134   33.0823
-33.307   -12.3739   33.9454
-33.9847   -12.1851   34.5678
-34.914   -11.8946   35.4299
-35.8468   -11.5723   36.3044
-36.7797   -11.2169   37.1883
-37.7093   -10.8281   38.0788
-38.6326   -10.4071   38.9745
