23.5338   -17.2929   14.1538
16.4453   -9.79356   9.1376
16.4453   -9.79356   9.1376
16.9484   -10.2376   9.46103
17.6819   -10.9071   9.94172
18.398   -11.5844   10.4195
19.0957   -12.2679   10.8935
19.776   -12.9571   11.3639
20.277   -13.4856   11.7175
20.9312   -14.1957   12.186
21.5524   -14.8929   12.6388
22.177   -15.6211   13.1049
23.0348   -16.6583   13.7605
23.5338   -17.2929   14.1538
24.3382   -18.3506   14.8014
24.8074   -18.9946   15.1891
25.5371   -20.0337   15.8067
26.0378   -20.7807   16.2442
26.7766   -21.9274   16.907
27.2242   -22.6595   17.3236
27.672   -23.415   17.7504
28.1038   -24.1766   18.1762
28.5184   -24.9315   18.5949
28.9316   -25.7206   19.0276
29.3136   -26.4724   19.4372
29.7056   -27.2861   19.8763
