6.77086   15.933   58.4307
20.2197   13.1893   65.7375
21.8865   13.5328   69.6855
13.9389   11.2508   50.5039
7.80047   14.602   53.7239
-12.5333   11.9142   -3.68992
-13.0594   12.667   -3.88669
-13.5313   13.3629   -4.06666
-14.0215   14.1233   -4.26002
-14.4922   14.8757   -4.44996
-14.9328   15.6182   -4.63547
-15.3659   16.3721   -4.8234
-15.7865   17.1477   -5.0155
-16.2624   18.063   -5.24016
-16.6307   18.8109   -5.42158
-17.1661   19.9597   -5.69869
-17.5374   20.8043   -5.90056
-18.0278   21.9982   -6.18319
-18.306   22.7238   -6.35409
-18.7405   23.9371   -6.63846
-19.0413   24.8446   -6.8499
-19.453   26.1999   -7.16329
-19.7153   27.1456   -7.38023
-19.6479   26.8928   -7.32269
-19.8891   27.832   -7.53384
-20.1142   28.7859   -7.74601
-20.322   29.7536   -7.96015
-20.5119   30.7334   -8.17616
-20.6232   31.3721   -8.3165
-20.7754   32.3518   -8.53153
-20.9075   33.3406   -8.74782
-21.0188   34.3374   -8.96451
20.9472   13.3463   67.4633
