-13.8714   11.2566   57.7354
-14.6262   11.8991   57.3473
-15.1258   12.331   57.0888
-15.8716   12.9863   56.6998
-16.6097   13.6455   56.311
-17.3383   14.3091   55.9231
-18.0575   14.9774   55.537
-18.5602   15.4538   55.2645
-19.3752   16.2387   54.8192
-20.0734   16.9226   54.434
-20.9283   17.7763   53.9571
-21.6103   18.4703   53.573
-22.5438   19.443   53.0408
-23.0583   19.9919   52.7431
-24.0101   21.0221   52.1896
-24.5015   21.5641   51.9009
-25.4596   22.6429   51.3315
-26.0867   23.3632   50.9544
-26.5868   23.9458   50.6503
-27.2001   24.6742   50.2718
-27.8039   25.403   49.8947
-28.2989   26.0103   49.5823
-28.8885   26.7461   49.2066
-29.4689   27.4815   48.8332
