9.01721   14.0314   23.6964
9.29746   14.7629   24.6392
9.60043   15.6618   25.7812
9.87817   16.5945   26.9532
10.0585   17.2782   27.8041
10.2672   18.2265   28.9738
10.4427   19.1987   30.167
10.5828   20.1896   31.3757
10.6901   21.2332   32.6427
10.7564   22.2113   33.8268
8.45943   25.1361   95.9471
10.7862   23.7758   35.717
10.7491   24.8299   36.9928
10.6535   25.9893   38.4004
10.5333   26.9221   39.5392
10.4213   27.563   40.3276
10.1377   28.8854   41.9666
9.87877   29.8786   43.2183
9.66782   30.5875   44.1248
9.28315   31.6885   45.5549
8.99341   32.4216   46.5237
8.62215   33.273   47.6685
8.26208   34.0312   48.7051
7.84016   34.8276   49.8174
7.40775   35.5936   50.9049
6.94798   36.3282   51.9846
6.44348   37.0879   53.1226
5.96056   37.7542   54.149
5.38632   38.4921   55.315
4.89464   39.0848   56.2745
4.25762   39.7872   57.4483
