-11.6482   13.2887   -3.61036
-13.2294   14.497   -4.0079
-11.9399   13.5203   -3.6849
-11.6482   13.2887   -3.61036
16.4698   7.78803   20.9638
17.283   8.36965   22.137
17.7662   8.7259   22.8409
18.0826   8.96409   23.3053
18.568   9.33881   24.024
19.3538   9.96319   25.1997
20.1237   10.5981   26.3679
20.8767   11.2428   27.5281
21.6129   11.8964   28.6808
22.1156   12.3584   29.4803
22.8306   13.0382   30.6353
24.1786   14.3853   32.8645
25.6597   15.9853   35.4157
26.5536   17.0195   37.0128
27.8926   18.6736   39.4929
28.4656   19.4232   40.5914
29.2202   20.4513   42.0756
29.7466   21.205   43.1458
30.2548   21.9539   44.1992
30.7138   22.6612   45.1799
31.1885   23.4154   46.2164
31.6334   24.1544   47.2203
32.7983   23.8511   46.9459
