-19.1857   0.379273   2.80052
-18.4019   0.265311   2.59085
-16.6686   0.0482964   2.12629
-17.4761   0.143865   2.34311
-18.4019   0.265311   2.59085
-19.1857   0.379273   2.80052
-20.1136   0.53026   3.0498
-21.0511   0.69632   3.30109
-21.8003   0.840894   3.50144
-22.7358   1.03788   3.751
-23.8071   1.28467   4.0375
-24.522   1.46245   4.23077
-25.8499   1.82281   4.59604
-26.7912   2.09567   4.85761
-28.0441   2.48798   5.21118
-28.9881   2.80717   5.48084
-30.1215   3.21567   5.80795
-31.0514   3.56815   6.07686
-32.5249   4.1675   6.50962
-33.0767   4.40732   6.67303
-33.9855   4.81949   6.94195
-34.8901   5.25003   7.21218
-35.788   5.69971   7.48297
-36.6773   6.1698   7.75215
-37.5578   6.65963   8.02007
-38.4264   7.16918   8.28651
-39.2812   7.7001   8.5501
