9.42444   15.7254   9.79694
9.15928   14.9953   9.39442
8.81402   14.1131   8.90248
8.81402   14.1131   8.90248
9.15928   14.9953   9.39442
9.42444   15.7254   9.79694
9.7347   16.6274   10.2925
10.0319   17.549   10.7963
10.2397   18.2539   11.1782
10.4964   19.19   11.6822
10.7365   20.1426   12.1925
10.9748   21.1966   12.7546
11.1058   21.8271   13.0896
11.1711   22.1727   13.2725
11.356   23.2503   13.842
11.5027   24.2413   14.3646
11.669   25.6281   15.0947
11.7606   26.6218   15.6172
11.8392   27.7549   16.212
11.8616   28.1982   16.4442
11.8807   28.7642   16.7411
11.8997   30.2987   17.5464
11.8846   31.301   18.0731
11.869   31.8337   18.3533
11.8472   32.3002   18.5987
11.816   32.8537   18.8908
11.7851   33.2954   19.1243
11.7374   33.8672   19.4263
11.637   34.8745   19.9575
11.5144   35.8743   20.4854
11.37   36.8649   21.0099
11.2041   37.8448   21.5302
