19.1946   1.55503   0.153281
16.6326   1.75855   0.137637
16.6326   1.75855   0.137637
16.6326   1.75855   0.137637
17.4715   1.70577   0.142601
18.3789   1.63217   0.148105
19.1946   1.55503   0.153281
20.1097   1.44841   0.15866
21.0374   1.32642   0.163934
21.8191   1.20922   0.168281
22.7494   1.05237   0.173391
23.7835   0.858645   0.17931
24.7297   0.663473   0.18507
25.9553   0.376712   0.192733
26.6578   0.199711   0.197093
28.0471   -0.183669   0.205671
28.9931   -0.466297   0.210919
30.0175   -0.795462   0.21585
30.9493   -1.11675   0.220301
32.3216   -1.62392   0.227109
33.2496   -1.99183   0.232252
34.1756   -2.37885   0.237921
35.0983   -2.78452   0.244279
36.0169   -3.20952   0.250912
36.9299   -3.65427   0.257783
37.4221   -3.90425   0.261652
37.836   -4.11919   0.264632
38.3072   -4.37199   0.266809
39.1836   -4.8579   0.270307
