-15.2123   -11.5439   83.1395
-15.3328   -12.1871   85.7558
-14.9717   -10.5762   79.1501
-15.2123   -11.5439   83.1395
-13.7988   -11.416   7.11112
-14.2561   -11.7079   7.31277
-15.2123   -11.5439   83.1395
-15.1076   -12.2368   7.68881
-15.3328   -12.1871   85.7558
-15.4507   -13.1562   89.6488
-16.3953   -13.0084   8.25208
-16.8335   -13.2617   8.44143
-17.2762   -13.514   8.63209
-17.7081   -13.7569   8.81683
-18.1639   -14.0087   9.01025
-19.0607   -14.4884   9.38705
-19.9644   -14.9512   9.76565
-20.9771   -15.4478   10.1863
-21.9007   -15.8835   10.5663
-23.1231   -16.4375   11.0661
-24.029   -16.8309   11.434
-25.545   -17.4533   12.0457
-26.4849   -17.8187   12.4224
-27.0813   -18.042   12.6602
-28.1804   -18.4346   13.0961
-29.1007   -18.7501   13.4598
-29.7409   -18.9605   13.7112
-30.7422   -19.2715   14.1017
-31.4084   -19.4676   14.3602
-32.3527   -19.7339   14.7263
-33.2938   -19.9865   15.0903
-33.9954   -20.1666   15.3607
-34.2311   -20.225   15.4524
-34.9428   -20.3927   15.7344
