20.9185   -12.1884   -8.09246
17.5858   -8.98197   -6.57161
17.5858   -8.98197   -6.57161
16.8151   -8.342   -6.24344
16.8151   -8.342   -6.24344
17.5858   -8.98197   -6.57161
18.3325   -9.63516   -6.89604
19.0553   -10.2994   -7.21765
19.5623   -10.7849   -7.44851
20.2533   -11.4839   -7.77256
20.9185   -12.1884   -8.09246
21.5588   -12.8969   -8.40743
22.0555   -13.4764   -8.65728
23.2651   -14.9872   -9.28619
24.0289   -16.0251   -9.70327
24.5008   -16.6982   -9.96919
25.2079   -17.7785   -10.3873
25.6712   -18.5314   -10.674
26.3024   -19.6163   -11.0819
26.7204   -20.3861   -11.366
27.3409   -21.6054   -11.8099
27.6948   -22.355   -12.0797
28.066   -23.1975   -12.3802
28.4283   -24.064   -12.6868
28.7152   -24.8022   -12.9448
29.0422   -25.6924   -13.2533
29.2906   -26.4097   -13.5
29.5778   -27.3195   -13.8095
