2.53513   -22.7864   92.1779
3.56737   -24.1862   90.4492
4.17961   -24.9434   89.4824
4.79808   -25.6432   88.5609
6.42238   -27.2933   86.277
7.35573   -28.13   85.0372
8.1325   -28.7768   84.0355
9.06692   -29.4904   82.8669
9.8699   -30.0565   81.8881
11.2814   -30.9556   80.2213
12.1633   -31.4601   79.2113
13.0613   -31.9323   78.2041
13.9732   -32.3682   77.2007
14.894   -32.766   76.2052
15.8194   -33.1281   75.2212
17.3932   -33.661   73.5765
16.7455   -33.4557   74.2497
18.3434   -33.9293   72.5972
19.2842   -34.163   71.6351
20.2115   -34.3631   70.6939
20.968   -34.492   69.9395
