-11.8592   23.1053   24.1765
-10.4934   19.1911   20.339
-9.50108   16.7158   17.8659
-9.18445   15.9707   17.115
-9.8586   17.5785   18.7322
-8.43125   14.2859   15.4053
-8.80979   15.122   16.2554
-9.18445   15.9707   17.115
-9.50108   16.7158   17.8659
-9.8586   17.5785   18.7322
-10.1549   18.3155   19.469
-10.4934   19.1911   20.339
-10.8252   20.0801   21.2176
-11.1457   20.9783   22.1002
-11.4543   21.8736   22.9765
-11.8592   23.1053   24.1765
-12.0722   23.7764   24.8282
-12.1506   24.03   25.0737
-12.4655   25.0837   26.0902
-12.7303   26.0122   26.9828
-13.0297   27.1075   28.0316
-13.1072   27.4027   28.3132
-13.2709   28.0466   28.9258
-13.5947   29.3837   30.1943
-13.8105   30.3407   31.0995
-14.0163   31.3056   32.0097
-14.212   32.2778   32.9245
-14.3966   33.2574   33.844
-14.5099   33.8978   34.4438
-14.6729   34.8768   35.3597
-14.8249   35.8617   36.28
-14.9657   36.852   37.2039
