-9.4771   -13.791   17.2874
-10.2129   -14.4599   17.9332
-10.7144   -14.8967   18.3649
-11.4717   -15.5328   19.007
-12.2486   -16.1563   19.6545
-13.0462   -16.7649   20.3086
-13.8622   -17.3574   20.9669
-14.6948   -17.9341   21.6274
-15.5117   -18.4719   22.2654
-16.3788   -19.0177   22.9342
-17.4027   -19.6299   23.713
-18.2604   -20.115   24.3563
-18.7356   -20.3743   24.7097
-19.8918   -20.9717   25.5588
-20.8209   -21.4231   26.2329
-22.2261   -22.0581   27.2413
-23.129   -22.4371   27.8828
-24.5765   -22.9988   28.9004
-25.5053   -23.3304   29.5466
-26.1392   -23.5414   29.9834
-27.0844   -23.8374   30.6306
-28.026   -24.1115   31.2714
-28.9634   -24.3647   31.9058
-29.6673   -24.5394   32.3799
-30.6119   -24.755   33.0137
-31.548   -24.9504   33.6396
