16.5982   4.51524   17.4113
19.2984   2.06755   19.0709
18.134   3.27894   18.305
18.6396   2.79053   18.6243
15.6595   10.2994   17.323
16.5876   10.6833   18.2505
17.5179   11.0465   19.1718
18.4491   11.3886   20.0858
19.38   11.7102   20.9938
20.021   11.9184   21.6155
20.9661   12.2089   22.5282
21.9076   12.4787   23.4334
23.6423   12.9242   25.0904
22.8447   12.7283   24.3307
24.5899   13.1377   25.9879
25.9114   13.405   27.2325
26.7081   13.5489   27.9802
27.9307   13.7435   29.1238
28.8718   13.8703   30.0015
30.1547   14.0165   31.1949
31.0053   14.0934   31.9845
32.3885   14.1894   33.267
33.2349   14.226   34.0511
34.1212   14.253   34.872
34.9872   14.261   35.6747
35.8573   14.257   36.4813
36.7398   14.2358   37.3
37.5908   14.2039   38.0893
