4.85646   21.7356   19.7106
4.75176   16.6337   15.1305
4.79558   17.2018   15.6425
4.75176   16.6337   15.1305
4.75176   16.6337   15.1305
4.79558   17.2018   15.6425
4.82418   17.6483   16.0439
4.85305   18.199   16.5385
4.88623   19.1974   17.4342
4.89312   20.1982   18.3324
4.8752   21.1988   19.2297
4.85646   21.7356   19.7106
4.83314   22.1981   20.1237
4.7989   22.7543   20.6202
4.76672   23.1923   21.0113
4.71362   23.7682   21.5283
4.63765   24.4863   22.1746
4.5628   25.1006   22.729
6.21998   24.225   70.7214
4.42298   26.0645   23.6025
4.15415   27.5674   24.9726
3.93965   28.5727   25.8949
3.48252   30.3782   27.5666
3.22344   31.2682   28.3988
2.62872   33.062   30.093
