-3.80207   37.5263   96.6696
-7.21523   27.1287   69.9256
-7.02316   28.2266   72.6338
-4.89935   35.2009   90.4098
-7.57391   19.7122   51.7804
16.6025   1.99014   40.9721
16.6457   2.03434   41.6101
17.4939   2.01393   43.161
18.3752   2.03103   45.324
19.2431   2.03652   47.4556
20.1143   2.03603   49.5947
20.9925   2.02279   51.7503
21.8812   2.00338   53.9312
22.7401   1.9738   56.0378
23.7327   1.9311   58.4726
24.6401   1.8817   60.6999
25.9623   1.79358   63.945
26.7011   1.7345   65.7598
27.9941   1.61861   68.9396
28.884   1.52694   71.1337
30.1287   1.38609   74.2067
31.072   1.26776   76.5383
32.3032   1.09811   79.5863
33.23   0.957658   81.8857
34.163   0.808185   84.2035
34.9299   0.677886   86.1129
35.863   0.509531   88.4429
36.8014   0.332078   90.7898
37.5469   0.184151   92.6572
38.4838   -0.0114888   95.0062
39.4257   -0.218188   97.3716
40.1457   -0.383731   99.1831
