17.2204   20.7188   25.6206
22.1601   21.5405   30.0398
23.812   21.5641   31.5104
27.0418   21.2695   34.4292
27.965   21.091   35.2741
28.9074   20.8711   36.1455
29.8644   20.6049   37.0423
30.5064   20.3928   37.6543
31.4283   20.0479   38.5472
32.3435   19.6522   39.4785
33.2178   19.1595   40.636
34.0306   18.5778   41.9777
35.297   17.4832   44.2307
34.788   17.9551   43.2973
35.9679   16.757   45.564
37.0486   15.3644   47.9432
37.97   13.8205   50.3728
36.5639   16.0278   46.8344
38.6857   12.1941   52.7745
37.5328   14.5982   49.1692
