-19.1434   0.538763   18.7149
-18.4037   0.687184   17.9906
-17.468   0.856649   17.0775
-20.0737   0.322713   19.6327
-19.1434   0.538763   18.7149
-14.7214   -10.8627   18.3957
-15.6038   -11.3624   19.4202
-16.4921   -11.8499   20.445
-17.386   -12.3256   21.4698
-18.2848   -12.7896   22.4943
-19.1882   -13.2416   23.5183
-20.0957   -13.6813   24.5409
-21.0069   -14.1088   25.5612
-21.9617   -14.5425   26.6237
-22.909   -14.9577   27.6718
-23.4494   -15.1879   28.2671
-24.7607   -15.7247   29.7033
-25.6546   -16.0752   30.6758
-27.238   -16.6655   32.3869
-28.2133   -17.0101   33.4342
-32.4593   -18.3487   37.9428
-33.1397   -18.5387   38.6582
-34.0853   -18.7906   39.6493
-35.0272   -19.0303   40.6334
