-10.4645   15.1896   50.034
-8.958   13.9068   44.8215
-10.4645   15.1896   50.034
-11.2563   15.8067   52.6731
-10.157   -13.3368   19.3344
-10.6005   -14.0784   20.3124
-11.0424   -14.8345   21.3029
-11.4742   -15.5973   22.2945
-11.8925   -16.3528   23.272
-12.3114   -17.1352   24.2768
-12.7067   -17.8892   25.2414
-13.1102   -18.6901   26.2583
-13.6298   -19.8245   35.4589
-13.5211   -19.7518   44.0827
-13.569   -19.6855   45.4926
-13.6296   -19.6406   47.0236
-13.7062   -19.6363   48.4523
-13.5953   -19.6229   27.6105
-13.9206   -20.3777   28.3768
-14.4491   -21.5495   29.8286
-14.7882   -22.3278   30.788
-15.3059   -23.5703   32.3106
-15.5846   -24.2654   33.1576
-16.0785   -25.5548   34.7195
-16.3599   -26.3238   35.646
-16.8391   -27.7009   37.2968
-17.0768   -28.416   38.1499
-17.366   -29.3298   39.2346
-17.6466   -30.2548   40.3279
-17.9182   -31.1901   41.4293
-18.1104   -31.8855   42.2455
-18.3604   -32.8271   43.3481
-18.601   -33.7778   44.4583
-18.7656   -34.4542   45.2462
-18.8322   -34.736   45.5734
-18.9877   -35.4086   46.3512
