-18.3617   -5.87065   21.5522
-17.5038   -5.84149   20.6282
-19.2427   -5.87763   22.5019
-18.3617   -5.87065   21.5522
-17.5038   -5.84149   20.6282
-16.6026   -5.78966   19.655
-17.5038   -5.84149   20.6282
-18.3617   -5.87065   21.5522
-19.2427   -5.87763   22.5019
-20.1263   -5.86498   23.4558
-20.9804   -5.82978   24.3763
-21.8841   -5.76997   25.3496
-22.7053   -5.69725   26.2349
-23.7693   -5.5714   27.3846
-24.5917   -5.45288   28.277
-25.779   -5.24559   29.5702
-26.7131   -5.05198   30.592
-27.9419   -4.76132   31.942
-28.8757   -4.50619   32.9758
-30.0471   -4.14964   34.2829
-30.9703   -3.83446   35.3232
-32.284   -3.33676   36.8198
-33.2042   -2.95167   37.8811
-34.1192   -2.53865   38.9488
-35.0267   -2.09797   40.0202
-35.9244   -1.63042   41.0922
-36.81   -1.13704   42.1656
-37.6814   -0.618528   43.2408
-38.5361   -0.0761422   44.3136
-39.3725   0.4883   45.3808
-40.189   1.07327   46.4426
