9.20168   17.8186   86.736
9.50238   18.7239   90.8343
8.28789   15.3304   75.3212
7.99311   14.5959   71.9096
7.99311   14.5959   71.9096
8.28789   15.3304   75.3212
8.62141   16.2071   79.3614
8.94804   17.098   83.4487
9.20168   17.8186   86.736
9.50238   18.7239   90.8343
9.79439   19.6413   94.9701
10.0772   20.5706   99.1423
10.3208   21.4195   102.944
10.5681   22.3194   106.965
7.99311   14.5959   71.9096
8.28789   15.3304   75.3212
9.20168   17.8186   86.736
9.50238   18.7239   90.8343
-4.76083   -17.8023   12.605
-4.38266   -18.6897   13.2672
