13.6459   11.4445   87.4005
14.6939   12.749   88.4023
15.166   13.4436   88.9268
15.6016   14.2124   89.4906
15.9963   15.0374   90.0805
16.2969   15.7729   90.5975
16.5908   16.6732   91.2245
17.178   19.7861   93.403
17.2478   20.7873   94.0855
17.2677   22.5337   95.2921
17.2186   23.5274   95.9919
17.0988   24.7514   96.8674
16.9485   25.7492   97.5949
16.4857   27.7386   99.0665
16.2179   28.6568   99.7529
15.9802   29.3706   100.299
15.651   30.2632   100.994
15.3015   31.1101   101.662
14.9518   31.8548   102.26
14.5464   32.6478   102.91
14.1139   33.4006   103.547
13.6665   34.1261   104.17
13.1625   34.874   104.834
12.6234   35.6327   105.524
12.1287   36.2664   106.121
11.5295   36.9982   106.812
11.0358   37.5719   107.362
10.378   38.2628   108.074
9.68012   38.9465   108.81
8.95025   39.6189   109.561
