36.5665   0.0415064   108.201
34.9934   -1.2279   106.501
34.2988   -1.12637   105.96
33.418   0.955292   104.164
-9.65347   -13.3064   57.9479
-10.498   -13.1291   59.0752
-10.9145   -13.929   62.2597
-11.2847   -14.6865   65.2425
-11.6743   -15.5171   68.4881
-12.006   -16.2643   71.3814
-12.3673   -17.12   74.6737
-12.6642   -17.8538   77.4774
-12.9959   -18.7312   80.7979
-13.3835   -19.8184   84.8843
-13.6844   -20.7249   88.2617
-14.0083   -21.7883   92.1842
-14.2626   -22.6863   95.4742
-14.576   -23.9158   99.9377
-15.0482   -26.0981   107.671
33.3998   0.0412018   104.841
33.8318   -0.789804   105.532
36.5665   0.0415064   108.201
36.5309   0.939911   108.965
-12.006   -16.2643   71.3814
-12.3673   -17.12   74.6737
