18.9966   1.36466   19.8253
21.0095   3.01218   22.6987
24.1815   7.0782   28.4377
17.3148   0.334038   17.6859
18.6299   1.11541   19.3406
16.4343   -0.108935   16.6244
16.2964   4.75393   47.2176
16.7328   5.49191   49.4033
17.1208   6.23614   51.5396
17.477   7.0766   53.8687
17.8012   7.98342   56.3292
18.0012   8.67973   58.1803
18.201   9.62477   60.6694
18.3346   10.6083   63.2344
18.3919   11.6146   65.8289
18.3663   12.6249   68.4209
18.262   13.6199   70.9768
18.0891   14.5831   73.466
17.9229   15.2685   75.2569
17.6175   16.2048   77.7756
17.1426   17.3491   80.9478
16.3931   18.7027   84.8602
8.90778   24.3176   108.884
13.8784   21.6336   94.5884
-7.03594   18.1827   97.3815
-7.08111   17.1713   98.5545
-7.06688   16.1569   99.7215
-6.99169   15.1505   100.873
26.3126   12.9607   35.4497
26.4197   13.6417   36.2212
