-19.1534   0.407283   6.49277
-17.4814   0.0663775   5.90949
-16.5516   -0.100879   5.58668
-17.4814   0.0663775   5.90949
-16.5516   -0.100879   5.58668
-17.4814   0.0663775   5.90949
-18.4211   0.251211   6.23671
-19.1534   0.407283   6.49277
-20.0888   0.625647   6.82131
-21.0311   0.863036   7.155
-21.9791   1.12016   7.49343
-22.6513   1.31573   7.73438
-23.7753   1.66403   8.13929
-24.7198   1.97706   8.48209
-25.9185   2.4066   8.92129
-26.8497   2.76256   9.26537
-27.8717   3.17737   9.64647
-28.7915   3.57504   9.99245
-30.0363   4.14625   10.4652
-30.9325   4.58273   10.8095
-32.4598   5.37733   11.4041
-33.3464   5.86934   11.7544
-34.2234   6.37874   12.1046
-35.09   6.90503   12.4542
-35.9449   7.44751   12.8031
-36.7873   8.00553   13.1509
-37.6161   8.57861   13.4976
-38.4306   9.16576   13.8433
-16.5516   -0.100879   5.58668
