-2.94392   -26.6945   19.4458
-4.61897   -30.6375   22.3496
-3.42372   -27.9135   20.3344
-2.94392   -26.6945   19.4458
-3.77499   -28.7609   20.9561
-5.05491   -16.1501   15.6213
-4.97968   -17.1432   16.5457
-4.86018   -18.1242   17.4621
-4.75977   -18.7526   18.0517
-4.56267   -19.7369   18.9833
-4.32693   -20.6925   19.8973
-4.05902   -21.6167   20.7912
-3.82108   -22.3332   21.4936
-3.48228   -23.2234   22.3805
-2.82786   -24.1408   24.028
-3.12371   -24.0697   23.2352
-2.76617   -24.8155   24.0056
2.74533   -31.8464   32.2937
3.90207   -32.728   33.6346
4.4145   -33.0787   34.1997
6.00891   -34.0427   35.8787
6.91451   -34.5106   36.7954
7.83454   -34.9323   37.7052
8.76229   -35.31   38.6104
9.69203   -35.6434   39.505
11.3081   -36.1109   41.0269
10.6177   -35.9317   40.3821
12.2539   -36.3185   41.9053
13.9705   -36.5829   43.4932
13.1779   -36.4824   42.7612
15.7369   -36.7014   45.1173
14.8829   -36.6625   44.3334
17.5123   -36.6666   46.7467
16.616   -36.7006   45.9236
-3.42372   -27.9135   20.3344
-3.77499   -28.7609   20.9561
