-16.6224   -0.641648   46.5583
-17.4795   -0.616229   48.4511
-18.372   -0.57682   50.4216
-19.2161   -0.532435   52.2862
-20.1155   -0.472606   54.274
-21.0255   -0.404023   56.2863
-21.8508   -0.330434   58.1127
-22.7674   -0.238449   60.1432
-23.7512   -0.127389   62.3258
-24.6287   -0.0165732   64.2783
-25.9575   0.169565   67.2421
-26.6447   0.275134   68.7781
-27.9812   0.499371   71.771
-28.8813   0.667159   73.795
-30.0076   0.890393   76.3356
-30.9418   1.09158   78.4526
-32.3846   1.42837   81.7335
-33.3299   1.66548   83.8902
-34.0237   1.84856   85.4754
-34.9623   2.10881   87.6189
-35.9045   2.38396   89.777
-36.8492   2.67368   91.9511
-37.4953   2.88131   93.4435
-38.4298   3.19507   95.6131
-39.3654   3.52235   97.7975
-40.3014   3.8635   99.9953
