-16.6038   0.563688   18.3228
-19.1511   1.29933   20.7264
-17.5475   0.819191   19.2085
-20.0855   1.60951   21.6206
-16.6038   0.563688   18.3228
-16.6038   0.563688   18.3228
-17.5475   0.819191   19.2085
-18.496   1.09451   20.1046
-19.1511   1.29933   20.7264
-20.0855   1.60951   21.6206
-21.0215   1.94088   22.5239
-21.9575   2.29467   23.4339
-22.8918   2.6725   24.3539
-23.6152   2.98345   25.0775
-24.5382   3.40056   26.0117
-25.6754   3.94446   27.175
-26.1046   4.16035   27.6175
-26.5472   4.38981   28.0769
-26.9874   4.6234   28.5356
-27.8892   5.12122   29.4806
-28.7795   5.63404   30.4256
-30.3246   6.58258   32.0991
-31.1493   7.1208   33.0093
-32.1826   7.8308   34.1666
-32.9913   8.41492   35.0847
-33.4753   8.77803   35.6432
-34.2698   9.39857   36.572
-35.0441   10.0323   37.4924
-35.7988   10.6776   38.4077
-36.5322   11.3333   39.3153
-37.0375   11.803   39.9509
-37.7451   12.4896   40.8569
