10.2017   -20.4364   37.2584
8.04198   -17.5564   31.4355
7.06802   -16.1141   28.6193
8.04198   -17.5564   31.4355
7.56884   -16.8702   30.0873
6.60579   -15.3968   27.2375
7.06802   -16.1141   28.6193
7.56884   -16.8702   30.0873
8.04198   -17.5564   31.4355
8.57527   -18.3046   32.9219
9.05649   -18.9591   34.2362
9.61974   -19.6965   35.7366
10.2017   -20.4364   37.2584
10.7501   -21.1079   38.66
11.3671   -21.8336   40.1992
12.2625   -22.8431   42.3771
12.811   -23.4361   43.6804
13.706   -24.3623   45.7604
14.3928   -25.044   47.3241
15.3419   -25.9459   49.4388
16.074   -26.6135   51.0369
17.2116   -27.6037   53.4641
17.7099   -28.0186   54.5071
18.4822   -28.6418   56.1048
19.27   -29.2549   57.7138
20.0729   -29.8562   59.3316
20.8909   -30.4444   60.9568
21.7229   -31.0186   62.5872
22.5684   -31.578   64.2187
23.426   -32.1219   65.8486
23.8751   -32.3989   66.6964
