-23.5958   -16.2108   77.3547
-28.2531   -20.9721   95.3555
-27.3202   -19.958   91.6337
-17.5858   -10.9942   55.8309
-16.7973   -10.375   53.1186
4.46523   16.6336   29.0349
4.77726   17.5332   30.6348
5.03489   18.2566   31.9251
5.3594   19.1492   33.5221
5.6881   20.0353   35.1123
5.96557   20.7652   36.4262
6.3054   21.6438   38.0115
6.59573   22.3803   39.3433
7.02604   23.4456   41.2754
7.30522   24.1236   42.508
7.83311   25.3746   44.7899
8.17703   26.1685   46.2432
8.68352   27.313   48.345
9.07109   28.1699   49.9237
9.58053   29.2698   51.9587
9.95447   30.0598   53.4271
10.5484   31.2845   55.7139
11.3289   32.8464   58.644
11.7378   33.6454   60.1487
12.1318   34.3999   61.5747
12.5491   35.188   63.0692
12.9573   35.9437   64.5099
13.3829   36.7201   65.9956
13.8049   37.4769   67.4498
