-17.6312   -7.63856   -3.97222
-16.6943   -7.342   -3.76973
-17.6312   -7.63856   -3.97222
-16.6943   -7.342   -3.76973
-17.6312   -7.63856   -3.97222
-18.2898   -7.83788   -4.11391
-19.2336   -8.11347   -4.31672
-20.1746   -8.37558   -4.51822
-20.8676   -8.56095   -4.66598
-21.1127   -8.62401   -4.7175
-21.8141   -8.79956   -4.86415
-22.7569   -9.02638   -5.06082
-23.7164   -9.24468   -5.26068
-24.655   -9.44427   -5.45652
-25.9173   -9.69242   -5.71879
-26.6671   -9.83095   -5.87389
-28.0204   -10.0583   -6.15216
-28.9456   -10.2024   -6.34188
-30.1335   -10.3686   -6.585
-31.0585   -10.487   -6.77418
-32.3606   -10.6326   -7.04003
-33.2742   -10.7232   -7.22636
-34.0974   -10.794   -7.39372
-35.0048   -10.8629   -7.57765
-35.8439   -10.917   -7.74742
-36.7439   -10.9643   -7.92975
-37.5973   -11.0009   -8.10278
-38.4884   -11.0271   -8.28343
