-30.8259   16.9011   58.0838
-31.3283   16.3208   58.5528
-32.0857   15.4239   59.2718
-32.5812   14.8231   59.7499
-33.1732   14.0885   60.3306
-33.751   13.3558   60.9057
-34.2381   12.7206   61.4003
-34.7967   11.9786   61.9746
-35.2798   11.3233   62.4782
-35.8183   10.574   63.0488
-36.3446   9.82792   63.6131
-36.8144   9.14294   64.1268
-37.3208   8.39194   64.6868
-37.7844   7.68794   65.2074
-38.271   6.93344   65.762
-38.7266   6.20949   66.2905
-35.8627   -9.82455   59.4275
-34.9903   -9.82136   58.0468
-7.65557   -15.7118   50.4901
-7.4036   -14.779   47.7255
-7.47082   -15.0182   48.4374
26.294   3.60014   83.3899
26.414   3.66546   83.5209
