10.1651   -16.4204   49.0344
14.4861   -21.5123   66.0378
8.54133   -14.2922   42.2172
10.1651   -16.4204   49.0344
6.56093   -15.3035   15.0945
6.87111   -16.2034   15.9601
7.17694   -17.1103   16.8304
7.41337   -17.8253   17.5152
7.70624   -18.7379   18.3863
7.9942   -19.6574   19.262
8.27726   -20.583   20.142
8.48672   -21.2871   20.81
8.80643   -22.3903   21.8546
9.01406   -23.1252   22.5489
9.41443   -24.5979   23.9359
9.58383   -25.245   24.5439
9.91715   -26.5607   25.7775
10.1494   -27.5132   26.6688
10.4097   -28.614   27.6965
10.4845   -28.9389   27.9996
10.6249   -29.5657   28.5841
10.915   -30.9019   29.8288
10.9795   -31.2098   30.1153
11.1134   -31.8673   30.7261
11.305   -32.8379   31.6266
11.4893   -33.8132   32.5295
11.6661   -34.7933   33.4348
11.7766   -35.4303   34.0224
11.835   -35.7778   34.3427
11.9379   -36.4098   34.9249
12.0916   -37.3937   35.8304
12.2377   -38.3812   36.7383
