-9.52436   -14.1681   47.91
-8.77144   -14.298   45.9603
-7.85373   -14.4059   43.6473
7.8187   14.6629   5.70281
8.11295   15.5813   6.0244
8.322   16.2819   6.26799
8.57362   17.2151   6.59037
8.80787   18.1658   6.91721
9.02368   19.1319   7.24743
9.15751   19.7855   7.46966
9.21957   20.1128   7.58068
9.33054   20.754   7.79738
9.50313   21.8875   8.17882
9.26039   22.0436   96.7534
9.62807   22.8753   8.5091
9.75235   24.1229   8.9242
9.82368   25.1286   9.25791
9.88873   26.7804   9.80597
9.89649   27.7877   10.1405
9.86939   29.0891   10.5743
9.82033   30.1064   10.9149
9.68123   31.8212   11.489
9.56761   32.8183   11.8229
9.43095   33.8064   12.1548
9.27204   34.7837   12.485
9.15332   35.4288   12.7035
8.95123   36.4046   13.0347
8.73   37.366   13.3618
8.49095   38.3123   13.6838
8.30191   39.0067   13.9203
