-19.1244   -4.29874   42.0913
-18.2145   -3.89111   39.966
-23.8801   -6.83019   53.5481
-19.1244   -4.29874   42.0913
-16.7212   -3.27525   36.5141
-16.5349   -2.65548   30.9168
-16.7212   -3.27525   36.5141
-17.3558   -3.21809   30.5697
-17.6555   -3.65271   38.6676
-18.2145   -3.89111   39.966
-18.6308   -4.25859   29.9917
-19.1244   -4.29874   42.0913
-19.3389   -4.95813   29.6385
-20.0295   -4.72709   44.2232
-19.9805   -5.67072   29.3016
-20.9273   -5.17671   46.3605
-21.8177   -5.64671   48.5015
-22.699   -6.13549   50.6412
-23.8801   -6.83019   53.5481
-24.6829   -7.33109   55.5557
-25.9089   -8.14297   58.6726
-26.7891   -8.76163   60.9542
-27.9146   -9.59867   63.9304
-28.6361   -10.163   65.8723
-29.14   -10.5711   67.2468
-30.0914   -11.3756   69.8859
-30.8966   -12.0895   72.1655
-32.4395   -13.5588   76.6823
-33.1204   -14.2531   78.7423
-33.7792   -14.952   80.7767
-34.2789   -15.5073   82.3587
-34.9064   -16.2291   84.3824
-35.512   -16.9519   86.3761
-36.0017   -17.565   88.0362
