-19.1633   6.22133   47.3135
-16.8191   5.10987   41.2364
-18.2602   5.78099   44.9598
-16.4439   4.9433   40.2752
-16.4439   4.9433   40.2752
-16.4439   4.9433   40.2752
-16.8191   5.10987   41.2364
-17.3538   5.35451   42.614
-18.2602   5.78099   44.9598
-19.1633   6.22133   47.3135
-20.0623   6.67379   49.672
-20.9557   7.13937   52.0336
-21.8429   7.6191   54.3976
-22.7237   8.11204   56.7622
-23.6674   8.65852   59.3148
-24.5793   9.20654   61.8049
-25.6901   9.89938   64.872
-26.1809   10.2146   66.2406
-26.4686   10.4033   67.0485
-26.9598   10.7311   68.4349
-27.8728   11.3562   71.0297
-28.7508   11.9782   73.5514
-29.8972   12.8221   76.8873
-30.3986   13.203   78.3617
-31.1201   13.7648   80.5027
-32.3025   14.7188   84.0603
-33.0633   15.3557   86.3828
-33.5633   15.7831   87.9222
-34.3117   16.4416   90.2571
-35.0461   17.1062   92.5752
-35.7675   17.7759   94.8748
