4.66488   18.5439   35.8885
6.75118   22.3691   43.9233
5.03926   19.2963   37.4331
3.93892   16.9783   32.7193
5.03926   19.2963   37.4331
3.93892   16.9783   32.7193
4.276   17.7201   34.2147
4.66488   18.5439   35.8885
5.03926   19.2963   37.4331
5.45326   20.0907   39.0809
5.86614   20.8482   40.6711
6.30152   21.6111   42.2932
6.75118   22.3691   43.9233
7.29157   23.2421   45.8344
7.75346   23.9527   47.4296
8.42916   24.9477   49.6991
8.97684   25.7099   51.4729
9.7429   26.7243   53.88
10.274   27.3961   55.5037
11.1338   28.422   58.043
11.772   29.1472   59.8756
12.5617   30.0006   62.0854
13.235   30.6914   63.9172
13.931   31.3765   65.7723
14.6487   32.0544   67.6497
15.1509   32.512   68.943
15.8912   33.1593   70.815
16.6511   33.796   72.701
17.4311   34.4202   74.6004
18.2305   35.0304   76.5121
19.0498   35.6244   78.4374
