19.8884   -28.8388   105.334
15.1691   -16.4992   66.4506
13.8331   -14.2421   58.7306
14.2859   -14.974   61.2637
-13.326   -11.501   -9.21716
-13.7262   -12.2559   -9.63985
-14.1174   -13.0742   -10.0878
-14.4444   -13.8134   -10.4868
-14.7806   -14.6782   -10.9412
-15.0966   -15.581   -11.4087
-15.3169   -16.2847   -11.7702
-15.5617   -17.2148   -12.244
-15.8074   -18.3485   -12.8152
-15.9753   -19.3466   -13.3137
-16.1023   -20.4772   -13.8748
-16.1682   -21.4655   -14.3647
-16.1931   -22.8843   -15.0686
-16.1553   -23.8981   -15.5729
-16.0262   -25.3031   -16.2738
-15.9402   -25.9263   -16.5859
-15.762   -26.8994   -17.0729
-15.456   -28.2036   -17.7293
-15.2594   -28.9025   -18.0861
-14.956   -29.8252   -18.5668
-14.6297   -30.7117   -19.034
-14.3242   -31.454   -19.4295
-13.9341   -32.2903   -19.8829
-13.5492   -33.0539   -20.3031
-13.1101   -33.8292   -20.7413
-12.6483   -34.5954   -21.1824
-12.1749   -35.3013   -21.6058
-11.6338   -36.054   -22.0683
-11.1417   -36.6772   -22.4666
-10.523   -37.3941   -22.9438
-9.85703   -38.1065   -23.4361
-9.35302   -38.6056   -23.7946
-8.63408   -39.2621   -24.2851
