5.70721   18.8781   16.5368
4.67454   16.5395   14.3669
4.99096   17.2815   15.0522
4.67454   16.5395   14.3669
4.99096   17.2815   15.0522
5.36524   18.1274   15.8371
5.70721   18.8781   16.5368
6.10052   19.7058   17.3149
6.49719   20.5193   18.0838
6.87744   21.2714   18.7996
7.28959   22.0664   19.5601
7.76997   22.9598   20.421
8.17787   23.6953   21.1341
8.80408   24.7831   22.1977
9.26619   25.5557   22.9606
9.91919   26.6131   24.0136
10.3925   27.3515   24.7567
11.0755   28.386   25.8067
11.5975   29.1501   26.5909
12.3557   30.2207   27.7029
12.902   30.9672   28.4867
13.387   31.6125   29.1704
13.9577   32.3493   29.9598
14.5431   33.0879   30.7575
15.0392   33.6955   31.4203
15.6474   34.4224   32.2206
16.2707   35.149   33.0285
16.7736   35.7176   33.6685
17.4172   36.4302   34.4776
