-13.2691   -11.2901   -25.1066
-14.1723   -11.6793   -23.9666
-14.7625   -11.904   -23.2347
-15.708   -12.2316   -22.0766
-16.6495   -12.517   -20.9402
-17.5814   -12.7607   -19.8295
-18.3083   -12.9196   -18.9713
-19.2496   -13.0909   -17.869
-20.1688   -13.2271   -16.8018
-20.9761   -13.3111   -15.8725
-21.8808   -13.3763   -14.8344
-22.7374   -13.4054   -13.8526
-25.81   -13.2634   -10.3156
-26.7361   -13.1402   -9.24264
-27.9646   -12.9286   -7.81083
-28.8895   -12.7226   -6.72434
-30.1243   -12.3915   -5.25776
-31.0575   -12.0937   -4.13287
-32.3584   -11.6029   -2.53168
-33.2799   -11.2005   -1.37119
-34.1908   -10.7563   -0.198336
-35.0854   -10.2723   0.980304
-35.9593   -9.74987   2.15782
-36.8059   -9.189   3.33181
-37.6198   -8.59586   4.4974
-38.4013   -7.9769   5.65208
-39.6522   -6.87013   7.5921
-39.1467   -7.33659   6.79194
-2.60406   17.6969   62.1678
