20.1274   4.39719   13.0358
16.6721   4.08961   10.821
16.6721   4.08961   10.821
17.4797   4.1765   11.3392
16.6721   4.08961   10.821
17.4797   4.1765   11.3392
18.3936   4.26486   11.9252
19.2205   4.33365   12.4553
20.1274   4.39719   13.0358
20.9712   4.4473   13.5757
21.8695   4.48759   14.1501
22.7287   4.51822   14.6991
23.7711   4.53754   15.3647
24.6228   4.54094   15.9087
25.8574   4.53016   16.6975
26.7552   4.50639   17.2707
28.0047   4.45837   18.0682
28.8873   4.41009   18.6323
30.1038   4.32417   19.4206
31.025   4.24222   20.0235
32.3142   4.10873   20.8682
33.2327   3.99698   21.4714
34.1606   3.87356   22.0818
34.9441   3.75767   22.5993
35.8743   3.6068   23.2166
36.8127   3.44252   23.8419
37.5657   3.29912   24.3449
38.5029   3.10941   24.9717
39.4454   2.90804   25.6037
40.1689   2.74339   26.0897
