11.2126   -21.8425   70.1727
9.96105   -16.5599   54.9432
9.34904   -14.7443   49.5889
9.07882   -14.0145   47.4144
16.5585   8.649   -4.58777
17.2557   9.32745   -4.81142
17.7608   9.84412   -4.97644
18.4217   10.557   -5.19926
19.0529   11.2732   -5.41773
19.5521   11.8667   -5.59491
20.1399   12.608   -5.81212
20.6973   13.3459   -6.02501
21.1724   14.0152   -6.21339
21.7613   14.8896   -6.45452
22.2114   15.6041   -6.64667
22.8507   16.6873   -6.9322
23.2807   17.469   -7.13433
23.8479   18.5841   -7.4173
24.7179   20.5248   -7.89965
24.206   19.3381   -7.60623
25.0667   21.4045   -8.11517
25.5199   22.6732   -8.42464
25.8197   23.5959   -8.64792
26.0242   24.3012   -8.8167
26.2737   25.2418   -9.04252
26.5008   26.203   -9.27355
26.703   27.1816   -9.50867
26.6407   26.8609   -9.43107
26.8187   27.8266   -9.66505
26.9724   28.8057   -9.90158
27.0995   29.7969   -10.1398
