13.9779   14.1471   40.1491
13.2612   12.5562   36.7224
14.3238   15.0294   42.0104
13.616   13.3027   38.3456
13.9779   14.1471   40.1491
14.8554   10.637   23.9473
15.7752   11.037   25.2457
16.6985   11.4154   26.5387
17.6238   11.773   27.8267
18.2311   11.9963   28.6681
19.1738   12.3246   29.9659
20.1155   12.6323   31.2541
21.0546   12.919   32.5316
21.9895   13.1847   33.7971
22.6821   13.3649   34.7295
24.5211   13.7968   37.1913
26.7154   14.2111   40.0966
28.067   14.4135   41.8715
28.814   14.5099   42.8495
30.1474   14.652   44.5918
31.012   14.722   45.7201
32.3563   14.8019   47.4686
33.2465   14.8345   48.6243
34.1114   14.8481   49.7489
34.9837   14.8461   50.8837
35.8678   14.8259   52.0343
36.7191   14.7923   53.1423
37.6179   14.7375   54.3139
