-20.865   9.2743   50.4883
-18.341   7.61925   43.839
-22.975   10.8024   56.2304
-17.4793   7.09426   41.6169
-18.341   7.61925   43.839
-16.6084   6.5836   39.3947
-16.6084   6.5836   39.3947
-17.4793   7.09426   41.6169
-18.341   7.61925   43.839
-19.1929   8.15807   46.0594
-20.0345   8.7099   48.2761
-20.865   9.2743   50.4883
-21.6838   9.8509   52.695
-22.4908   10.4389   54.8954
-22.975   10.8024   56.2304
-23.7632   11.4113   58.433
-24.6087   12.086   60.8271
-25.6573   12.958   63.8456
-26.1611   13.3917   65.3163
-26.8356   13.9894   67.3101
-29.8364   16.8638   76.5108
-30.1051   16.702   96.8806
-31.7676   18.9429   82.7897
-32.3973   19.6659   84.9135
-33.0099   20.3898   87.0159
-33.5053   20.994   88.7498
-34.091   21.7321   90.8402
