25.8503   -3.8379   42.8179
26.7775   -4.13013   44.3991
28.7638   -4.79535   47.8041
22.7632   -2.9501   37.5916
16.6106   -1.56078   27.3322
-5.01474   19.4154   28.5297
-5.51852   19.9219   29.498
-6.23296   20.5814   30.8151
-6.98854   21.2212   32.1587
-7.78393   21.8352   33.5217
-19.2593   25.813   50.2719
-20.1181   25.8218   51.4557
-20.973   25.8061   52.6332
-21.8661   25.7425   53.8619
-22.7966   25.6415   55.1438
-23.5742   25.5158   56.2243
-24.5085   25.3262   57.5373
-25.4614   25.0898   58.8911
-34.9562   -7.1097   37.7381
-26.1294   24.8932   59.8512
-35.7299   -7.73481   38.7581
-27.0549   24.5782   61.2002
-27.9796   24.2153   62.5726
-28.8974   23.8035   63.9598
-29.802   23.3481   65.3531
-37.6952   -3.58223   107.896
-37.2591   -4.32419   109.042
-30.6881   22.8492   66.7528
-38.8458   -1.14885   104.313
-38.4808   -2.01771   105.568
-31.5471   22.3078   68.1514
-38.0989   -2.83532   106.768
-32.3736   21.7288   69.5404
-39.3962   0.494904   102.007
-39.111   -0.41869   103.277
-34.4235   20.0231   73.205
-39.6437   1.44956   100.706
-33.1649   21.1191   70.9142
-39.8492   2.42734   99.3888
-33.9171   20.4846   72.2656
-35.1257   19.3237   74.5621
-39.787   2.10718   99.8182
-39.9638   3.0752   98.5292
-35.7742   18.6097   75.8909
-40.1013   4.05557   97.2356
