8.29072   -16.6482   48.2249
8.27011   -16.1849   47.1085
8.29072   -16.6482   48.2249
8.23671   -15.6309   45.7514
-13.6433   -11.3601   16.9032
-14.1105   -12.0426   17.6865
-14.6012   -12.7947   18.5374
-15.0497   -13.5279   19.3539
-15.487   -14.2842   20.1847
-15.9077   -15.0649   21.0271
-16.2878   -15.8162   21.8263
-16.6719   -16.6412   22.6902
-17.0537   -17.521   23.6006
-17.4004   -18.399   24.4963
-17.8133   -19.5595   25.6642
-18.0995   -20.4703   26.5689
-18.4493   -21.7344   27.8124
-18.6784   -22.6914   28.7458
-18.9325   -23.97   29.9839
-19.0474   -24.6491   30.6383
-19.2502   -26.2594   32.1805
-19.3358   -27.2637   33.1379
-19.3922   -28.2738   34.0985
-19.4181   -29.2885   35.0628
-19.4125   -30.3035   36.0296
-19.3755   -31.317   36.9983
-19.3048   -32.3255   37.9641
-19.2018   -33.3252   38.9239
-19.0692   -34.3141   39.8774
-18.9084   -35.2892   40.822
-18.7832   -35.9402   41.4567
