-7.29423   31.6634   107.354
27.8471   -13.454   53.3148
-4.99621   29.5345   97.6737
17.4705   -7.11403   32.4842
26.0611   -12.2372   49.62
-2.79979   26.9211   87.1552
-4.99621   29.5345   97.6737
16.5769   -6.64669   30.7562
16.5885   -7.72998   13.5018
17.4705   -7.11403   32.4842
18.3598   -7.59089   34.2128
19.2448   -8.07706   35.9423
20.125   -8.57231   37.672
20.973   -8.332   16.811
21.0003   -9.07664   39.4021
21.8777   -8.39094   17.4879
21.8702   -9.58998   41.1334
22.7343   -10.1124   42.8646
23.7423   -10.7383   44.898
24.6019   -8.44298   19.5207
24.634   -11.305   46.7066
26.0611   -12.2372   49.62
26.8511   -12.7686   51.2468
27.8471   -13.454   53.3148
28.7113   -14.0634   55.1239
29.8655   -14.8995   57.5618
30.3622   -15.2681   58.6189
31.113   -15.8352   60.2262
32.2952   -16.7518   62.782
33.0751   -17.3728   64.4863
33.8463   -17.9997   66.1859
34.3418   -18.4097   67.2861
35.1048   -19.052   68.9931
